num A B C D E F G H I J label
0 0 1 0 0 1 1 0 0 0 0 yes
1 1 0 1 1 1 0 0 1 1 0 no
2 1 0 1 0 1 0 1 1 1 0 no
3 1 1 1 1 1 1 1 1 1 0 yes
4 1 1 1 0 1 0 0 1 0 1 yes
5 1 1 0 1 1 1 0 1 1 1 no
6 0 1 1 1 1 1 0 0 1 0 no
7 1 1 1 1 1 1 0 1 0 1 yes
8 1 0 1 1 0 0 0 0 1 0 yes
9 1 1 1 0 1 1 1 0 0 0 no
10 0 0 0 1 1 0 1 1 0 0 yes
11 0 0 1 0 0 1 1 0 0 0 yes
12 1 0 0 0 0 0 0 1 0 0 yes
13 1 1 1 0 0 0 0 0 1 1 no
14 1 0 1 1 0 0 1 0 0 1 yes
15 1 1 1 0 1 1 1 1 0 1 no
16 1 1 1 1 0 0 0 1 0 0 yes
17 0 1 0 0 1 1 0 0 1 1 no
18 0 0 1 1 0 0 0 0 0 1 yes
19 1 0 1 1 1 0 1 0 1 1 no
20 0 0 0 0 1 0 0 0 1 1 no
21 1 0 1 0 1 1 0 1 0 0 no
22 0 1 0 1 1 1 1 0 0 1 yes
23 0 0 0 0 1 0 0 0 1 0 no
24 0 0 0 1 1 1 0 1 0 1 yes
25 1 1 1 0 1 1 1 0 1 0 yes
26 1 0 0 0 1 1 0 0 0 1 yes
27 1 1 1 0 1 1 0 0 0 0 no
28 1 1 1 1 0 0 0 1 0 0 yes
29 1 0 1 0 1 1 0 1 0 1 yes
30 0 1 0 0 1 1 0 1 0 1 yes
31 1 1 1 0 0 1 1 0 0 1 yes
32 0 0 1 1 1 1 0 1 1 1 no
33 0 1 1 1 0 0 0 1 0 1 no
34 0 1 1 1 0 0 0 1 1 1 no
35 0 1 0 0 0 0 0 0 0 1 no
36 1 0 1 0 0 0 0 0 1 0 yes
37 0 0 1 0 1 0 1 0 1 0 yes
38 1 0 0 0 0 1 0 1 0 0 no
39 1 0 0 0 1 1 0 1 0 0 yes
40 1 1 0 0 1 1 1 0 0 1 no
41 0 1 1 0 1 0 0 0 1 0 yes
42 0 0 0 1 1 0 1 0 0 1 yes
43 1 1 0 0 1 1 1 0 1 1 yes
44 1 1 1 1 0 1 0 1 1 0 no
45 0 0 1 0 1 0 0 0 0 0 yes
46 1 1 1 1 1 0 0 1 0 1 no
47 0 1 0 0 1 1 1 1 1 0 no
48 0 1 1 0 0 1 1 1 1 0 yes
49 0 1 0 1 0 1 1 1 1 1 yes
50 1 0 0 0 0 1 1 0 1 1 yes
51 0 1 1 1 1 0 0 0 1 0 no
52 0 0 0 1 1 0 1 1 0 1 yes
53 1 0 0 0 0 1 1 0 1 1 no
54 1 0 1 0 1 1 0 0 1 1 no
55 0 0 0 1 1 0 0 1 1 0 no
56 0 0 1 1 1 1 1 0 1 1 no
57 0 0 1 1 0 1 1 1 0 1 no
58 0 0 0 1 1 1 0 0 1 0 no
59 0 0 0 1 0 1 1 0 0 1 no
60 0 1 0 0 0 0 1 0 1 0 no
61 1 0 1 1 0 1 1 1 0 1 yes
62 1 0 1 0 0 1 0 1 1 1 yes
63 1 1 1 1 1 0 0 0 1 1 no
64 1 0 1 0 0 1 1 0 1 1 yes
65 0 0 0 1 0 1 1 0 0 1 no
66 0 1 1 1 1 0 0 1 0 0 no
67 1 0 0 1 1 1 0 1 0 0 no
68 1 1 0 1 0 0 1 1 0 1 no
69 1 0 1 1 0 0 0 1 1 0 yes
70 1 0 1 0 0 0 0 1 0 1 no
71 1 0 0 0 0 1 0 1 1 0 no
72 0 1 0 1 0 1 1 0 1 1 yes
73 0 0 0 0 0 0 0 1 1 0 no
74 0 0 1 0 1 0 0 1 1 0 yes
75 1 1 0 1 0 0 0 0 1 0 yes
76 0 1 1 0 1 1 0 1 1 0 yes
77 0 0 0 0 0 0 0 0 0 1 no
78 1 1 0 1 1 1 1 1 1 1 yes
79 0 0 0 0 1 1 0 1 1 0 no
80 1 0 1 0 0 0 1 1 1 0 yes
81 1 1 1 0 1 0 1 1 0 1 yes
82 0 0 0 1 0 0 0 0 0 1 no
83 1 1 1 0 1 1 1 0 1 0 yes
84 0 1 0 1 1 0 1 0 0 0 no
85 0 1 0 1 0 0 0 0 0 1 yes
86 0 0 0 1 1 0 0 0 1 1 yes
87 1 0 0 0 1 0 0 0 0 1 yes
88 0 0 1 1 1 1 0 0 0 0 yes
89 1 1 1 0 1 0 1 1 0 0 yes
90 1 1 1 0 1 0 1 1 1 0 yes
91 1 0 1 1 1 1 1 1 1 1 yes
92 0 0 1 0 0 0 0 1 0 1 no
93 0 0 1 1 1 1 1 0 0 0 yes
94 0 0 1 1 0 1 1 1 1 1 yes
95 0 1 1 0 0 1 0 1 1 1 no
96 0 0 1 0 1 1 0 1 1 0 yes
97 0 1 1 0 1 0 0 1 1 1 yes
98 1 0 0 0 1 1 1 1 1 0 yes
99 0 0 0 1 0 0 1 0 1 0 yes
100 1 1 0 0 1 0 1 1 0 1 no
101 0 0 0 1 1 0 1 0 0 0 yes
102 0 1 1 0 0 1 1 0 1 1 yes
103 0 1 0 1 1 1 0 0 0 1 yes
104 0 0 0 1 0 0 0 1 0 1 no
105 1 1 1 0 0 1 1 1 0 1 no
106 0 0 0 1 1 1 1 1 0 0 yes
107 0 1 0 1 1 0 1 1 1 1 yes
108 1 1 0 0 0 0 0 0 1 1 yes
109 1 0 0 0 1 1 1 0 0 1 no
110 1 1 1 1 1 1 1 0 0 0 no
111 0 1 0 1 0 1 1 1 0 1 yes
112 1 0 0 1 0 0 0 0 1 1 yes
113 0 0 0 0 0 1 0 0 1 1 yes
114 1 1 1 1 1 1 0 0 0 1 yes
115 1 0 1 1 0 1 0 0 0 0 yes
116 0 1 0 0 0 1 0 0 0 1 yes
117 0 0 1 1 0 1 0 0 0 1 yes
118 1 1 0 0 0 0 0 1 0 1 no
119 0 1 1 0 1 1 0 0 0 1 yes
120 0 0 0 0 0 1 0 0 1 0 no
121 0 0 0 0 0 1 0 0 1 0 yes
122 1 0 0 0 1 0 1 0 0 0 yes
123 0 1 0 0 0 1 1 1 1 0 yes
124 0 0 0 0 0 0 1 1 0 1 yes
125 0 0 0 1 0 1 0 1 0 1 no
126 1 1 1 0 1 0 1 1 0 0 no
127 1 0 0 0 1 0 0 0 0 1 no
128 0 1 0 0 0 0 1 0 1 1 no
129 0 1 0 0 0 1 0 1 0 0 no
130 1 1 1 1 0 1 0 0 0 1 no
131 1 1 1 0 0 1 1 0 0 1 yes
132 0 1 1 0 1 0 1 0 1 1 no
133 0 0 1 0 0 0 1 1 1 0 no
134 1 0 1 1 0 1 0 1 1 0 no
135 1 0 1 1 0 1 0 0 1 0 no
136 1 1 1 0 0 0 1 0 0 0 yes
137 0 1 1 1 1 0 0 1 0 0 no
138 0 1 1 0 1 0 1 1 0 1 no
139 1 1 0 1 0 1 1 0 0 0 yes
140 1 1 0 0 0 0 0 0 0 0 yes
141 0 1 0 0 1 1 0 1 1 1 no
142 1 0 1 1 1 1 1 1 0 1 yes
143 1 0 0 0 1 1 0 1 0 1 yes
144 1 0 0 1 0 0 0 1 0 1 yes
145 0 1 1 0 1 1 1 0 0 0 yes
146 0 1 0 1 1 1 0 1 1 1 no
147 1 1 0 0 0 0 0 1 0 1 yes
148 1 0 0 1 1 0 0 0 1 0 yes
149 0 0 1 0 0 1 1 0 0 0 no
150 1 0 1 0 0 1 0 1 0 0 no
151 1 1 1 0 1 1 1 0 0 0 no
152 1 1 1 1 0 0 0 1 1 1 yes
153 0 1 0 0 1 1 0 1 0 1 yes
154 0 1 0 0 1 1 1 1 0 1 yes
155 0 0 1 1 0 1 1 1 0 1 yes
156 0 1 1 0 1 1 0 0 0 0 no
157 1 1 1 1 0 1 0 0 0 1 no
158 0 1 0 0 0 0 0 1 1 1 no
159 1 0 0 0 1 1 0 0 0 0 yes
160 1 1 0 0 1 1 1 0 0 1 yes
161 1 0 0 1 1 1 1 1 0 1 no
162 0 0 0 1 1 0 1 1 1 0 no
163 0 0 1 1 0 0 0 0 0 0 no
164 1 0 1 1 1 0 0 0 0 0 no
165 1 1 1 0 1 1 1 1 1 1 no
166 0 1 0 0 1 0 1 1 0 1 yes
167 1 1 0 0 0 1 0 1 0 1 yes
168 1 1 1 0 1 1 0 1 0 0 no
169 0 0 1 1 0 1 0 1 0 1 no
170 0 1 1 1 1 0 1 1 0 1 no
171 0 1 1 1 0 0 0 1 0 1 yes
172 1 0 1 1 0 0 0 1 1 1 yes
173 0 0 1 1 0 1 1 1 0 0 no
174 1 1 1 0 0 1 0 1 1 1 yes
175 1 0 0 1 0 1 1 0 0 0 no
176 1 1 1 1 1 0 1 0 0 1 no
177 1 1 1 0 0 1 1 1 0 0 no
178 1 0 0 1 1 1 1 0 0 0 no
179 0 1 1 1 1 0 1 0 0 1 yes
180 1 0 0 0 0 0 0 1 0 0 no
181 1 0 1 0 0 0 1 1 0 1 yes
182 0 1 0 0 0 0 1 1 1 0 no
183 1 0 0 1 1 1 1 1 1 0 no
184 1 0 1 0 0 1 0 1 0 0 no
185 0 0 1 0 0 1 0 0 1 0 no
186 0 0 0 0 1 0 0 0 1 1 no
187 0 1 0 1 0 1 1 0 1 0 no
188 0 1 1 0 1 0 1 0 0 0 yes
189 1 1 0 0 1 1 1 0 1 1 yes
190 0 1 0 1 1 1 1 1 1 0 no
191 0 1 1 1 0 0 1 0 1 1 yes
192 1 1 1 0 1 0 1 1 0 0 yes
193 1 1 1 1 0 0 0 0 1 1 no
194 0 1 0 0 1 1 1 0 1 1 no
195 1 0 0 1 0 1 1 0 1 0 yes
196 0 0 0 1 0 0 0 0 1 0 yes
197 0 0 0 1 1 1 1 0 0 0 yes
198 1 0 1 1 1 0 1 0 0 1 yes
199 0 1 0 1 0 1 1 0 0 0 yes
200 0 0 1 0 0 0 0 0 1 1 yes
201 0 1 1 0 0 0 1 1 0 0 yes
202 0 1 1 0 0 0 0 0 0 1 no
203 0 1 1 0 0 1 0 1 1 1 yes
204 0 1 1 0 0 1 0 0 1 0 no
205 0 0 0 1 0 0 1 0 0 1 yes
206 1 0 0 1 1 1 0 1 0 0 yes
207 1 0 1 1 0 0 0 0 1 0 yes
208 0 1 1 0 0 0 1 1 1 0 no
209 1 0 1 0 1 0 0 1 1 0 yes
210 0 1 0 0 0 1 0 0 1 0 no
211 0 0 1 1 1 0 1 0 1 0 yes
212 1 1 1 1 0 1 0 0 0 0 yes
213 1 0 1 1 1 1 0 0 0 0 yes
214 1 1 0 0 0 0 0 0 0 1 no
215 1 0 0 0 0 1 0 1 0 1 no
216 0 1 0 1 1 0 0 0 1 0 yes
217 0 1 0 0 1 1 0 1 1 1 yes
218 0 0 0 1 0 0 1 0 1 0 yes
219 1 0 0 0 0 0 1 1 1 0 no
220 1 1 0 1 0 1 0 0 0 0 yes
221 1 0 1 0 1 0 0 0 0 1 no
222 1 1 0 0 1 1 1 1 0 1 yes
223 1 1 0 0 1 0 1 1 1 1 no
224 0 0 1 0 0 0 1 1 1 1 no
225 0 1 0 0 0 1 0 0 1 0 no
226 1 1 1 1 0 0 0 0 1 0 no
227 0 1 1 1 1 1 1 1 0 0 yes
228 1 0 1 1 0 0 0 0 1 1 yes
229 1 0 1 1 0 0 1 0 0 0 no
230 0 0 1 1 0 1 1 1 0 1 no
231 0 1 1 0 0 1 0 0 0 1 no
232 1 1 1 0 0 1 0 1 0 0 no
233 0 1 1 0 1 1 1 1 1 1 no
234 1 1 0 0 0 1 0 1 1 0 no
235 0 1 0 0 0 1 1 0 0 0 no
236 1 1 1 0 1 0 0 1 0 0 no
237 1 0 1 0 0 1 0 1 0 1 yes
238 1 1 1 0 0 0 1 1 0 0 no
239 1 0 1 1 0 0 0 0 0 1 yes
240 1 1 0 0 1 1 0 1 0 0 yes
241 1 1 1 1 1 1 0 1 1 1 no
242 1 0 1 0 0 1 0 0 1 1 yes
243 0 1 0 0 1 0 0 1 1 0 yes
244 0 0 1 1 0 0 0 0 0 0 no
245 0 1 0 0 0 0 0 1 1 0 yes
246 0 0 0 1 0 1 1 0 1 0 no
247 1 1 0 0 1 0 1 1 1 1 yes
248 1 1 1 0 0 0 1 1 0 0 no
249 0 1 0 1 1 0 1 0 0 1 no
250 0 1 1 1 0 1 1 0 1 0 no
251 1 1 0 1 1 0 1 1 0 1 yes
252 1 0 1 1 1 1 1 0 1 0 yes
253 1 1 0 1 1 1 1 0 0 0 no
254 0 0 0 0 0 1 1 1 0 0 no
255 1 0 1 1 1 1 0 1 0 1 no
256 0 0 0 1 1 0 1 1 1 1 yes
257 1 1 0 0 1 0 1 0 1 1 no
258 0 0 0 1 0 1 1 0 1 0 yes
259 0 0 0 0 0 0 0 1 0 1 no
260 1 1 0 0 1 1 0 1 0 1 yes
261 0 0 1 1 0 0 0 1 0 0 no
262 1 1 0 0 0 0 0 1 0 1 no
263 1 1 1 0 1 1 1 0 0 0 no
264 0 0 1 1 1 1 0 0 1 0 no
265 0 1 0 0 1 0 1 1 0 0 yes
266 0 1 1 1 0 0 0 0 0 0 yes
267 0 1 1 0 1 0 0 0 0 1 yes
268 1 0 1 0 1 1 0 0 1 0 yes
269 0 0 0 0 0 1 1 0 1 1 yes
270 0 1 1 0 1 0 1 1 0 1 no
271 0 0 0 0 0 0 0 1 1 1 yes
272 1 0 1 1 0 0 0 0 1 0 yes
273 1 1 0 0 1 0 0 0 1 0 no
274 0 1 1 0 1 1 0 0 0 0 no
275 1 0 0 1 1 1 1 1 1 1 no
276 1 0 0 1 1 1 0 0 1 0 no
277 0 0 1 0 0 1 1 0 1 1 no
278 1 0 1 0 0 1 1 0 0 1 yes
279 1 1 1 0 0 0 0 0 0 0 yes
280 1 1 0 1 0 0 0 0 0 0 no
281 0 1 0 0 1 1 0 1 0 0 yes
282 1 0 1 1 0 1 1 1 1 1 no
283 0 1 0 0 1 0 0 0 1 0 no
284 1 1 0 0 1 0 0 0 0 0 yes
285 1 1 1 1 1 1 0 0 1 1 yes
286 1 0 0 0 0 1 1 1 0 1 no
287 1 0 0 1 0 1 1 1 0 1 no
288 0 0 1 0 1 0 0 1 0 0 yes
289 0 0 1 0 1 0 0 0 1 0 yes
290 1 1 1 0 1 0 1 0 0 1 yes
291 0 1 0 1 1 0 0 1 1 1 no
292 0 1 1 1 0 0 0 1 1 0 yes
293 0 1 0 1 0 0 1 1 0 1 no
294 0 1 1 1 1 0 0 0 0 1 no
295 1 1 0 0 1 1 0 1 0 0 no
296 0 0 1 1 0 1 1 1 1 0 yes
297 1 0 1 0 0 0 0 1 0 0 yes
298 1 0 1 1 1 0 1 1 1 1 no
299 1 1 0 1 0 1 0 0 1 1 no
300 1 0 0 1 1 1 1 1 1 1 yes
301 0 1 1 1 0 1 1 1 0 1 no
302 0 1 1 0 0 1 0 0 1 0 no
303 1 0 1 1 1 1 0 1 0 0 no
304 1 0 1 0 0 0 1 0 1 1 no
305 1 1 0 1 0 0 0 0 1 0 no
306 0 1 0 0 0 0 1 0 1 1 no
307 1 1 1 1 1 0 1 0 0 0 yes
308 1 0 0 1 0 1 0 1 1 1 yes
309 0 0 0 1 1 1 1 1 0 0 no
310 1 0 0 1 0 0 0 0 1 1 yes
311 0 0 1 1 1 0 1 1 0 0 no
312 0 0 1 1 0 0 1 1 0 0 yes
313 1 1 0 1 0 1 1 0 0 1 yes
314 1 1 1 0 1 0 0 1 0 0 yes
315 1 0 0 0 1 0 1 0 1 0 yes
316 0 0 0 1 0 1 0 1 1 1 yes
317 0 1 0 0 0 0 1 0 1 1 no
318 1 1 1 0 1 1 0 1 1 1 yes
319 1 1 0 1 1 0 0 1 1 1 no
320 0 1 0 0 1 1 0 1 1 1 yes
321 0 0 0 0 0 0 1 0 1 0 no
322 1 0 1 1 1 0 1 1 0 1 no
323 1 0 1 1 0 1 0 1 0 1 no
324 1 1 0 0 1 1 0 0 1 0 yes
325 1 0 1 1 0 0 1 0 0 0 yes
326 1 1 1 1 1 1 1 0 0 0 yes
327 0 0 1 1 1 1 1 1 1 0 yes
328 1 0 1 0 0 0 1 0 0 0 no
329 1 1 0 1 1 1 1 1 1 1 yes
330 1 0 1 1 1 0 0 1 1 1 no
331 1 1 1 1 0 0 1 1 0 0 yes
332 0 1 1 1 1 1 1 1 1 0 no
333 0 1 0 1 1 0 0 0 0 0 no
334 1 0 1 0 1 0 1 1 1 0 yes
335 0 0 0 1 1 1 0 0 0 0 yes
336 0 1 0 1 1 1 0 1 1 1 no
337 1 0 0 1 0 1 0 0 1 0 no
338 1 0 1 1 1 0 1 1 0 0 no
339 0 0 1 1 0 1 0 0 0 1 no
340 0 0 1 1 0 1 0 0 1 0 yes
341 1 0 0 0 1 1 0 0 0 1 yes
342 0 0 0 1 0 1 1 1 0 0 yes
343 1 0 0 0 0 0 0 1 0 1 no
344 0 0 0 1 1 1 1 1 0 0 no
345 1 0 1 1 0 1 1 1 0 1 yes
346 1 0 1 0 1 0 1 0 1 0 no
347 1 1 1 1 0 1 0 0 0 0 no
348 1 0 1 1 0 1 1 0 0 0 yes
349 1 0 1 1 0 1 1 0 1 1 no
350 0 0 0 0 0 0 1 1 1 1 no
351 1 1 0 0 1 0 1 1 1 1 no
352 1 1 1 0 0 1 0 0 1 1 no
353 1 0 1 1 1 0 1 1 1 1 yes
354 1 1 1 1 1 0 0 1 1 0 yes
355 1 1 1 0 0 1 0 0 0 1 no
356 1 1 1 1 1 1 0 1 0 1 no
357 0 1 0 1 0 0 1 0 1 0 yes
358 0 0 1 0 0 1 1 0 0 0 yes
359 1 0 1 0 0 0 1 1 1 0 yes
360 1 0 1 1 0 0 1 1 1 0 no
361 0 1 0 0 0 1 0 1 1 0 yes
362 0 0 1 0 0 0 0 1 0 0 no
363 1 0 1 1 1 1 1 0 0 0 no
364 0 1 1 0 0 1 1 0 0 1 no
365 1 0 1 0 1 1 1 0 1 0 no
366 1 1 0 1 1 0 1 1 1 0 no
367 1 1 1 1 1 0 0 1 0 0 yes
368 1 0 1 0 0 1 1 0 0 1 yes
369 0 1 1 0 1 1 0 0 0 1 no
370 1 1 0 0 1 1 1 0 1 0 no
371 1 1 0 0 1 0 0 0 0 0 yes
372 1 0 1 1 0 1 0 1 0 0 yes
373 1 1 0 1 0 0 0 1 0 1 no
374 1 1 1 1 0 0 0 0 1 0 no
375 0 1 0 1 1 1 0 1 0 0 no
376 0 1 1 1 1 0 0 0 0 0 no
377 0 0 0 0 0 0 0 0 0 1 yes
378 1 0 0 0 0 1 1 0 0 1 yes
379 0 0 1 0 0 1 1 0 1 1 no
380 1 1 1 1 0 0 1 0 0 1 yes
381 0 0 0 1 1 1 0 1 1 0 yes
382 0 1 1 1 1 1 1 1 1 1 yes
383 0 1 0 0 0 1 0 0 1 0 yes
384 1 0 1 1 1 1 0 0 0 0 no
385 1 0 1 0 1 1 1 0 0 0 yes
386 1 1 1 0 1 0 1 1 1 1 yes
387 0 0 1 1 0 0 0 1 1 1 no
388 1 1 0 0 0 1 1 0 1 1 yes
389 1 1 0 1 1 0 1 1 1 0 no
390 0 0 0 1 1 0 0 1 0 1 yes
391 1 0 0 0 1 0 1 0 0 1 no
392 1 1 1 0 1 0 1 0 0 0 yes
393 1 1 0 1 1 0 0 0 0 1 yes
394 0 0 0 0 0 0 0 0 0 1 no
395 0 0 0 1 1 0 0 0 1 0 no
396 0 0 1 1 1 0 0 0 1 0 yes
397 1 1 1 1 0 1 0 1 1 0 yes
398 0 1 0 0 1 0 0 0 1 0 no
399 1 1 1 1 1 1 1 0 0 0 yes
400 1 0 0 1 0 0 1 0 1 0 no
401 1 1 1 0 0 1 1 0 0 1 yes
402 0 0 0 1 0 0 0 1 0 1 yes
403 1 0 0 1 0 1 1 0 0 1 no
404 0 1 0 1 1 0 0 0 1 0 yes
405 0 0 1 0 0 1 1 0 1 1 no
406 0 1 0 1 1 1 0 1 0 0 yes
407 0 0 0 1 1 1 0 0 1 1 no
408 0 0 1 1 1 1 0 0 1 0 yes
409 1 1 1 0 0 1 1 0 1 0 no
410 1 1 1 1 0 1 0 1 1 1 yes
411 1 0 0 0 0 1 1 1 1 1 yes
412 0 1 1 1 0 1 0 1 1 0 no
413 1 1 1 0 0 1 0 0 1 1 no
414 0 0 0 0 1 0 1 1 1 1 yes
415 1 1 0 1 1 1 0 1 0 0 yes
416 0 1 0 0 1 0 1 0 1 1 no
417 1 1 1 1 0 1 1 0 1 0 yes
418 1 0 0 1 1 0 1 0 0 1 no
419 1 1 1 1 1 0 1 1 1 1 yes
420 0 0 1 1 0 1 1 0 0 0 no
421 0 1 0 1 0 1 1 1 1 0 yes
422 1 1 1 0 0 1 1 0 0 0 yes
423 1 0 0 0 0 1 0 1 0 1 no
424 0 1 1 1 0 1 0 1 0 0 yes
425 0 1 0 0 1 1 0 0 0 0 no
426 1 0 0 0 1 1 1 1 1 1 yes
427 0 1 0 0 1 1 1 1 0 0 no
428 1 0 1 0 1 0 0 1 1 0 yes
429 0 1 1 0 1 0 0 1 1 0 yes
430 0 1 1 1 1 1 1 1 1 1 yes
431 1 0 0 0 0 1 1 0 1 1 no
432 1 0 1 1 0 0 1 1 1 0 yes
433 0 1 1 1 1 0 0 0 1 1 no
434 0 1 0 1 1 0 1 1 1 0 no
435 1 1 1 1 0 0 0 1 1 0 no
436 0 0 0 1 0 0 1 0 1 0 no
437 0 0 1 1 0 0 1 0 0 0 yes
438 0 0 1 0 1 1 0 1 1 0 yes
439 0 1 1 1 1 0 0 1 0 1 no
440 1 0 0 1 0 0 1 0 1 0 yes
441 1 1 0 1 0 1 1 1 1 0 yes
442 0 1 0 1 1 0 1 1 1 1 yes
443 1 1 1 0 0 1 0 0 0 1 yes
444 1 0 1 1 1 1 0 1 0 0 yes
445 1 0 1 1 1 0 1 1 0 0 no
446 1 0 0 1 1 1 1 0 1 0 no
447 0 0 0 1 1 1 0 0 1 1 yes
448 1 1 0 0 0 0 1 0 0 1 no
449 1 1 1 0 0 1 0 0 0 1 yes
450 1 1 0 0 1 0 0 0 0 0 no
451 1 1 1 1 0 1 1 1 1 1 yes
452 1 0 1 0 0 0 1 1 0 1 no
453 0 0 0 1 1 0 0 1 1 1 yes
454 0 1 1 0 0 0 0 0 0 1 no
455 1 1 1 1 1 1 1 1 0 0 no
456 0 1 0 1 0 1 1 1 0 0 yes
457 0 0 1 1 0 1 0 0 1 0 yes
458 1 1 0 1 0 0 0 0 0 0 yes
459 0 1 0 0 0 1 0 1 1 1 no
460 0 1 0 1 1 0 1 1 0 0 yes
461 1 0 0 1 0 1 0 1 1 1 yes
462 1 0 0 0 0 0 0 0 1 1 no
463 0 0 1 0 1 0 0 0 0 0 no
464 1 1 0 1 1 1 1 1 1 0 no
465 1 0 0 1 0 0 1 1 0 0 no
466 1 1 1 1 0 1 1 1 1 1 no
467 1 1 1 0 0 0 1 1 0 1 no
468 1 0 0 1 1 0 1 1 1 0 no
469 0 0 0 0 0 1 0 1 0 1 no
470 1 1 1 0 0 1 1 0 0 0 yes
471 0 0 1 0 0 0 0 0 1 1 yes
472 1 1 1 0 1 0 1 1 1 0 yes
473 0 0 0 1 0 0 0 1 0 0 no
474 1 1 0 1 0 0 1 1 1 1 yes
475 0 1 0 1 1 0 0 0 1 1 yes
476 0 1 0 1 0 0 1 0 0 1 no
477 0 1 1 0 0 0 0 1 0 0 yes
478 1 0 1 1 1 1 0 1 1 0 yes
479 0 1 0 0 0 1 0 1 0 1 yes
480 1 1 1 0 1 0 0 0 1 0 no
481 1 1 0 0 0 1 0 0 1 0 no
482 1 0 0 0 1 1 1 0 1 0 no
483 1 0 1 0 1 1 0 1 0 1 no
484 1 1 0 1 1 0 0 1 1 1 yes
485 1 1 1 1 0 0 1 1 1 0 no
486 0 0 0 0 0 1 0 1 0 1 no
487 0 1 0 0 0 0 1 1 1 0 no
488 1 0 0 0 1 0 1 1 0 1 no
489 1 0 0 0 1 1 1 1 1 0 yes
490 0 1 0 1 0 0 0 1 1 0 no
491 1 0 1 0 1 0 1 1 1 1 no
492 0 1 0 1 1 1 0 1 1 1 yes
493 1 0 0 0 0 1 1 1 1 0 no
494 0 1 0 0 0 0 1 0 1 0 yes
495 1 1 0 1 0 1 1 0 1 1 yes
496 0 1 1 1 0 1 1 0 1 0 yes
497 0 0 0 0 0 1 0 1 0 1 yes
498 1 0 0 0 1 1 1 1 1 0 no
499 1 0 1 1 0 1 0 0 1 0 no
500 0 1 0 0 1 1 0 1 0 1 no
501 0 0 1 0 0 0 1 1 0 0 no
502 1 0 0 0 0 1 0 1 0 1 no
503 1 1 0 1 1 1 0 0 1 0 yes
504 0 0 1 1 1 0 0 0 0 0 no
505 0 1 0 0 1 1 1 0 1 1 no
506 0 0 1 0 1 1 1 0 1 1 no
507 1 0 1 1 0 0 0 0 0 0 no
508 1 0 1 1 0 1 1 0 0 1 no
509 0 1 0 1 0 0 0 0 0 0 no
510 1 0 0 1 1 0 0 0 1 1 yes
511 0 0 1 1 1 1 0 1 1 0 yes
512 0 0 0 0 1 1 1 1 1 0 no
513 1 0 1 0 0 0 0 0 0 1 yes
514 0 1 0 0 1 0 1 0 0 1 no
515 1 1 0 1 0 1 1 0 1 1 yes
516 0 1 1 1 1 0 0 1 0 1 yes
517 1 1 1 1 1 0 0 1 0 0 yes
518 1 0 1 0 0 1 0 1 1 0 no
519 0 0 1 1 1 0 1 0 1 1 no
520 0 0 1 0 0 1 1 1 1 0 no
521 1 1 1 0 0 0 1 1 1 0 no
522 1 0 0 0 1 1 1 1 1 0 yes
523 1 0 1 1 0 1 1 1 1 1 no
524 1 1 0 0 0 1 0 0 0 1 yes
525 1 0 1 1 1 1 1 1 0 1 no
526 1 0 1 0 1 0 0 0 1 1 yes
527 0 1 1 0 0 0 0 0 1 0 yes
528 1 0 1 1 0 0 0 1 0 1 no
529 0 0 0 0 1 0 1 1 1 1 yes
530 1 0 1 0 0 1 0 1 1 0 yes
531 1 1 0 0 0 1 0 1 1 1 no
532 0 1 1 1 1 1 0 1 0 0 no
533 0 1 1 1 0 0 1 0 1 0 yes
534 0 1 0 1 1 1 1 1 1 1 yes
535 0 0 0 0 0 1 1 1 1 1 yes
536 0 0 0 0 1 1 0 0 1 0 no
537 0 0 1 1 0 0 1 0 1 0 no
538 0 1 0 0 1 0 0 1 0 0 no
539 1 0 1 1 0 0 0 1 0 0 no
540 1 1 0 1 0 1 1 0 1 0 yes
541 1 1 0 0 1 0 0 0 0 1 no
542 1 0 0 1 1 0 0 0 1 0 no
543 0 1 0 0 0 1 0 0 1 0 no
544 0 0 1 0 1 1 0 1 1 0 no
545 0 0 0 0 0 1 1 1 0 1 no
546 1 1 1 0 1 1 1 1 1 0 yes
547 1 1 1 1 0 1 0 0 1 1 no
548 1 1 0 1 0 1 1 1 0 1 no
549 1 1 1 0 1 0 0 1 0 0 yes
550 1 1 0 1 0 1 1 1 1 0 yes
551 1 0 0 1 0 1 0 1 1 1 yes
552 1 0 1 0 1 1 1 1 1 0 no
553 1 0 1 0 1 0 1 0 0 0 no
554 0 0 0 1 0 1 0 1 0 0 yes
555 1 1 0 0 0 0 0 0 1 1 no
556 0 0 0 1 1 0 1 1 0 0 yes
557 1 0 0 0 1 0 0 1 0 1 no
558 0 1 0 1 1 1 1 0 1 0 no
559 1 0 1 0 0 1 0 0 1 0 yes
560 1 1 0 1 1 0 0 1 1 0 yes
561 0 1 1 0 0 1 1 0 1 1 no
562 1 0 1 1 1 1 0 0 0 1 no
563 0 1 1 1 1 1 0 1 0 0 no
564 1 0 0 1 0 1 1 1 0 1 no
565 1 0 0 0 1 1 0 0 0 0 no
566 0 0 1 1 1 0 1 0 1 0 no
567 1 1 1 1 1 0 0 1 1 0 no
568 1 1 0 1 0 0 1 0 1 0 no
569 0 1 1 0 0 1 0 1 0 0 no
570 1 0 1 1 0 0 0 0 0 0 no
571 0 0 1 1 1 0 0 0 0 0 yes
572 1 1 0 1 1 0 1 1 1 1 yes
573 0 0 1 1 1 1 0 1 0 1 yes
574 1 0 0 0 1 1 0 0 1 1 yes
575 1 1 1 0 0 1 1 1 1 0 no
576 0 1 0 1 0 0 0 0 1 1 no
577 1 0 1 1 1 0 0 1 1 0 no
578 0 0 0 1 1 0 0 0 1 0 no
579 1 0 0 0 0 1 1 0 0 1 no
580 0 0 0 1 1 1 1 1 0 1 no
581 1 0 0 0 0 0 0 1 1 1 no
582 1 1 0 0 1 1 0 0 0 0 no
583 1 0 0 1 0 0 1 1 0 0 yes
584 1 1 0 0 0 0 0 0 1 1 no
585 1 0 1 0 1 1 0 1 0 1 yes
586 0 0 1 1 1 0 0 1 1 0 no
587 0 0 0 0 0 0 1 1 0 1 yes
588 1 1 1 0 1 1 0 0 1 0 yes
589 1 1 0 1 1 1 0 1 1 0 no
590 0 0 1 0 0 1 1 1 1 1 yes
591 1 0 0 1 1 0 0 0 1 1 no
592 1 1 1 0 0 1 0 1 1 1 no
593 1 0 1 0 1 1 0 0 0 0 yes
594 0 0 0 0 1 1 0 1 0 0 yes
595 0 0 0 1 0 1 0 0 1 0 no
596 0 0 1 0 1 0 1 0 0 1 no
597 0 0 1 0 0 1 1 1 0 1 no
598 0 0 0 1 0 0 0 1 0 1 no
599 1 0 0 1 0 1 1 1 0 0 yes
600 0 0 1 0 1 1 0 1 1 0 no
601 0 0 0 0 0 1 1 1 0 0 no
602 0 1 1 0 1 1 0 0 1 0 no
603 1 0 0 1 1 0 1 1 0 1 yes
604 0 1 0 1 0 1 1 0 1 1 no
605 0 1 0 0 1 1 0 1 1 0 yes
606 0 0 1 1 1 0 1 0 0 0 no
607 0 1 0 1 0 1 1 0 0 0 no
608 0 0 0 1 1 0 1 1 0 0 no
609 0 0 1 1 1 0 1 1 1 1 no
610 0 0 0 1 1 1 1 1 1 0 no
611 1 0 1 1 0 1 1 0 0 0 yes
612 1 1 1 1 0 1 0 0 1 0 yes
613 1 0 0 0 0 1 0 1 0 0 yes
614 0 0 1 1 0 1 0 0 0 0 no
615 1 0 0 0 0 1 0 0 0 1 yes
616 1 1 0 1 0 1 0 0 1 0 no
617 1 1 1 1 1 0 0 1 1 1 yes
618 0 1 1 1 0 0 0 0 0 1 no
619 0 1 1 0 0 1 0 1 1 1 no
620 1 0 1 1 1 1 1 1 0 1 yes
621 1 1 0 0 1 1 1 1 0 1 yes
622 0 0 0 1 1 0 0 1 0 0 yes
623 1 1 0 1 1 1 1 1 0 0 no
624 0 0 1 0 1 1 0 0 1 1 yes
625 0 0 1 0 0 1 0 0 0 0 no
626 1 0 1 0 0 1 1 1 1 1 yes
627 1 0 1 1 0 0 0 0 1 1 yes
628 1 1 0 1 1 0 0 0 1 1 no
629 1 0 1 1 1 0 1 1 1 1 yes
630 0 0 1 1 0 1 0 1 0 0 yes
631 1 0 0 0 0 0 0 0 1 1 no
632 0 0 1 0 1 0 1 0 0 1 no
633 0 0 0 0 1 1 1 1 1 1 yes
634 1 0 1 0 0 1 0 1 1 0 yes
635 1 0 0 0 0 0 1 1 1 1 no
636 1 1 1 1 1 0 0 0 1 0 yes
637 1 0 0 0 0 1 1 0 1 0 yes
638 1 1 0 0 1 0 0 1 0 0 no
639 1 1 0 1 0 1 0 1 0 1 no
640 1 0 1 0 1 1 0 1 0 0 no
641 1 1 0 0 0 1 0 0 1 1 no
642 1 0 0 1 0 0 1 1 1 1 no
643 1 1 0 0 1 1 1 1 0 0 yes
644 1 0 0 0 0 0 1 0 0 1 yes
645 0 0 0 1 0 1 1 1 1 1 no
646 0 0 0 1 1 1 0 0 1 1 yes
647 1 1 0 1 1 0 1 1 0 0 yes
648 0 1 1 0 0 1 1 1 0 1 no
649 0 0 0 1 1 1 1 0 0 1 no
650 0 1 0 0 1 1 1 1 1 1 no
651 0 1 1 1 0 1 1 1 0 0 yes
652 0 1 1 1 0 1 0 1 0 1 yes
653 1 0 0 1 0 0 1 1 0 0 no
654 1 1 0 0 0 0 1 1 0 0 yes
655 0 0 0 1 0 0 1 1 1 1 yes
656 1 1 0 1 0 0 1 1 0 0 no
657 0 0 1 0 0 0 0 1 1 0 yes
658 0 1 0 1 1 0 0 1 1 0 no
659 1 0 1 1 0 1 1 0 1 0 no
660 1 1 0 0 1 0 1 1 1 1 yes
661 0 1 0 1 0 0 0 0 1 0 no
662 1 0 1 0 0 1 0 0 1 0 yes
663 1 1 1 1 0 1 1 0 0 0 yes
664 1 1 1 1 0 0 1 0 1 0 no
665 1 0 1 0 1 1 0 1 1 0 no
666 1 1 0 0 0 1 1 0 0 0 no
667 0 1 1 1 0 0 1 1 1 1 yes
668 0 0 0 0 1 0 0 1 0 0 no
669 1 0 0 1 0 0 0 1 0 1 no
670 1 0 0 0 0 1 0 1 0 0 yes
671 0 0 1 1 1 1 1 0 1 0 no
672 0 1 1 1 0 1 1 1 1 1 no
673 1 1 0 0 1 0 1 1 0 1 no
674 1 0 0 0 0 0 0 1 1 0 yes
675 0 1 0 0 0 1 1 0 1 1 yes
676 1 1 1 0 0 0 1 1 1 1 no
677 0 0 1 0 0 1 0 0 0 1 no
678 0 0 0 1 1 1 0 1 0 1 no
679 1 0 0 0 1 1 0 1 0 1 yes
680 1 0 0 0 0 1 1 1 1 1 no
681 0 1 0 0 0 1 0 1 1 0 no
682 0 0 0 0 0 1 0 0 1 0 no
683 1 0 0 1 1 1 1 1 1 0 no
684 1 1 1 0 1 0 1 0 1 1 no
685 1 1 1 1 0 1 1 0 1 0 yes
686 0 1 0 0 0 0 1 0 0 0 no
687 0 1 1 1 1 0 0 1 0 1 yes
688 1 1 0 0 0 1 1 1 1 1 no
689 0 1 0 0 1 1 0 0 1 0 yes
690 1 0 0 0 1 0 0 1 0 0 no
691 1 1 1 1 0 0 1 0 1 0 yes
692 0 0 0 1 1 1 1 0 1 0 no
693 1 0 1 0 1 0 1 1 1 0 no
694 1 0 1 1 0 1 1 1 1 1 yes
695 0 1 1 1 1 0 0 0 1 1 no
696 0 0 1 1 1 0 1 1 0 1 no
697 0 1 1 0 0 0 1 0 0 0 no
698 1 1 1 1 1 1 1 0 0 1 no
699 0 1 1 1 1 1 1 0 1 1 yes
700 1 0 1 1 1 0 1 1 0 1 no
701 0 1 0 0 1 1 0 0 1 0 yes
702 1 1 1 0 0 1 0 1 1 0 no
703 0 0 1 0 1 1 1 1 1 1 yes
704 0 0 0 0 1 0 0 1 0 1 yes
705 0 1 1 1 1 1 0 1 0 0 yes
706 0 0 1 1 0 0 1 1 0 0 no
707 1 1 0 1 1 1 1 0 1 1 yes
708 1 1 1 1 1 1 0 0 1 0 no
709 0 0 1 0 1 0 1 0 0 1 no
710 0 1 1 1 0 1 1 1 0 0 yes
711 0 1 1 0 0 0 0 1 1 0 no
712 1 0 1 1 0 1 0 1 1 1 no
713 1 1 1 0 1 1 0 0 0 1 yes
714 1 1 0 1 0 0 0 0 1 1 yes
715 1 1 1 1 0 1 0 0 0 0 no
716 1 1 0 1 1 0 0 0 0 0 no
717 1 1 0 0 1 0 0 0 1 0 yes
718 1 1 1 0 0 0 0 0 1 0 no
719 1 0 0 0 1 1 0 1 1 0 yes
720 0 0 1 0 0 1 0 1 1 1 yes
721 1 1 1 0 1 1 1 0 0 0 no
722 1 1 0 0 0 1 0 1 0 1 no
723 1 1 0 0 0 0 0 1 1 0 no
724 1 0 0 1 0 1 0 1 0 0 yes
725 0 1 1 0 1 0 0 0 0 1 yes
726 1 1 1 0 1 0 1 1 1 1 no
727 0 0 1 1 1 1 0 0 1 1 yes
728 1 0 0 1 1 0 1 1 0 1 no
729 1 0 0 0 0 0 1 0 0 1 no
730 1 1 0 1 0 1 1 1 1 1 no
731 0 1 0 1 0 0 1 1 0 0 no
732 1 0 1 1 0 0 1 0 0 0 yes
733 1 1 0 0 0 1 1 0 1 1 yes
734 1 0 0 0 1 0 0 0 1 0 no
735 0 1 1 0 1 0 0 1 0 0 yes
736 0 0 0 0 0 0 1 1 0 1 yes
737 0 0 0 1 0 1 1 0 1 0 no
738 1 1 1 0 1 0 1 0 1 0 yes
739 1 1 0 1 0 0 0 0 1 0 yes
740 1 1 0 0 0 0 1 1 0 1 no
741 0 1 1 1 1 1 0 1 0 0 no
742 0 1 0 1 0 1 1 0 1 1 yes
743 1 0 1 1 1 1 0 0 0 1 no
744 1 0 1 0 1 1 0 0 1 1 no
745 0 0 1 1 1 0 0 1 0 1 yes
746 0 0 1 0 1 0 1 0 1 1 yes
747 0 1 1 0 1 0 1 0 0 0 yes
748 1 1 0 0 1 1 1 0 1 1 no
749 0 0 1 0 0 1 1 1 0 1 no
750 0 0 0 0 0 0 0 0 0 0 no
751 1 1 0 0 0 0 1 1 1 0 yes
752 1 1 1 1 0 0 0 0 0 1 no
753 0 1 0 0 1 1 0 1 0 1 yes
754 1 0 0 1 0 1 1 0 0 1 yes
755 1 1 0 0 1 1 0 0 0 1 no
756 1 0 1 0 1 0 1 0 0 0 yes
757 1 1 0 0 0 1 0 1 1 0 yes
758 1 1 1 0 0 0 0 0 1 1 no
759 0 0 1 0 0 0 0 1 1 1 no
760 0 1 0 0 1 1 1 0 0 1 no
761 0 1 0 0 0 0 0 0 0 0 no
762 0 0 0 0 1 1 0 0 1 1 yes
763 1 0 1 1 0 1 0 1 1 0 no
764 0 1 0 0 1 1 1 1 1 1 no
765 1 1 0 1 1 0 1 0 0 1 no
766 1 1 0 0 1 1 1 0 0 0 no
767 1 1 0 1 0 0 0 1 0 1 no
768 1 1 0 1 1 1 0 1 0 0 no
769 0 1 1 0 0 1 1 1 0 0 no
770 0 0 0 1 0 0 1 1 0 1 yes
771 0 1 0 0 0 0 0 0 0 1 no
772 0 1 1 1 1 0 0 1 0 1 no
773 0 0 0 0 0 1 0 1 0 1 yes
774 0 0 1 0 1 1 0 1 0 0 no
775 0 1 0 0 1 0 0 1 1 0 no
776 1 1 0 0 1 0 1 0 1 0 no
777 0 1 1 0 0 1 1 0 1 1 no
778 1 1 0 0 0 0 0 0 0 0 no
779 1 0 1 1 1 0 0 1 1 1 yes
780 0 0 0 1 1 0 1 0 1 0 no
781 1 0 1 1 1 1 0 1 0 0 yes
782 0 0 1 1 0 1 1 1 0 0 no
783 0 0 0 1 1 0 1 0 1 1 yes
784 0 1 1 1 0 0 1 0 1 1 no
785 1 1 0 1 1 1 1 0 1 0 yes
786 1 0 1 0 1 0 1 1 0 1 no
787 1 1 1 0 0 0 0 0 1 1 yes
788 1 1 1 0 1 1 0 0 0 1 no
789 0 0 1 0 0 0 0 0 0 1 yes
790 1 0 1 0 1 1 1 1 0 1 no
791 1 1 1 1 1 1 0 1 0 1 yes
792 0 1 0 0 0 1 0 1 1 1 yes
793 1 0 1 1 0 0 0 1 1 0 no
794 0 1 1 1 1 0 1 1 1 1 yes
795 0 0 0 1 0 1 0 1 0 0 no
796 1 1 0 1 1 1 1 1 1 0 yes
797 0 0 0 1 0 1 0 0 0 1 no
798 0 1 0 1 0 0 0 0 1 0 yes
799 0 0 1 0 1 0 0 0 1 0 yes
800 0 0 1 1 1 1 0 1 1 0 no
801 0 1 1 0 1 0 1 0 1 0 yes
802 0 1 1 1 0 1 1 0 0 1 yes
803 1 1 0 1 1 1 1 1 0 1 yes
804 0 0 0 0 1 0 1 0 0 0 no
805 1 1 0 1 1 0 0 0 0 1 no
806 0 1 1 1 1 1 1 1 1 1 yes
807 0 0 0 1 1 1 0 1 1 1 no
808 0 1 1 1 1 1 1 1 0 0 yes
809 1 1 1 1 1 0 1 1 1 0 no
810 1 1 0 1 0 1 0 1 0 0 yes
811 1 1 1 1 1 0 1 0 1 1 yes
812 0 1 0 1 0 0 0 1 0 1 yes
813 0 0 0 1 0 1 1 0 0 1 yes
814 1 1 0 0 0 0 1 1 1 1 no
815 0 1 1 1 1 1 0 1 0 0 no
816 1 0 0 1 1 1 0 1 0 1 no
817 0 1 1 0 1 0 1 1 0 0 no
818 0 1 1 0 1 1 1 0 1 1 no
819 0 1 1 1 1 1 1 0 1 1 yes
820 0 0 0 1 1 1 1 0 0 1 no
821 1 0 1 1 0 1 0 1 1 1 no
822 0 1 1 0 0 1 0 1 0 0 no
823 1 1 0 0 1 0 0 1 1 0 yes
824 0 1 0 1 1 1 0 1 0 0 yes
825 1 0 0 1 0 1 0 1 0 0 yes
826 0 0 0 1 0 1 1 1 1 1 yes
827 0 0 1 1 0 0 0 1 1 1 no
828 1 1 1 0 1 1 1 0 0 0 no
829 0 1 0 0 1 0 0 0 1 0 no
830 0 1 1 0 0 1 0 1 1 1 yes
831 1 0 0 1 0 1 0 0 1 0 yes
832 1 1 1 1 1 0 0 0 1 0 yes
833 0 0 1 0 1 1 0 1 0 1 yes
834 0 0 1 1 1 1 1 0 1 0 no
835 1 1 1 0 1 0 1 0 1 0 no
836 0 1 1 0 0 1 0 0 1 1 no
837 1 1 0 1 0 1 1 0 0 1 yes
838 0 0 0 1 0 1 1 1 0 0 yes
839 0 1 0 1 1 0 0 0 1 1 no
840 1 0 0 1 1 1 0 1 0 0 yes
841 1 1 1 1 0 0 0 0 1 0 yes
842 0 0 1 0 1 0 0 1 1 1 yes
843 0 0 0 1 0 0 1 0 1 0 yes
844 0 0 0 0 1 0 1 1 1 1 yes
845 1 0 0 0 0 1 1 0 1 1 yes
846 0 0 0 1 0 1 1 1 0 0 yes
847 1 0 0 0 1 1 1 0 0 1 yes
848 1 1 0 1 1 0 1 1 1 0 yes
849 0 0 0 1 0 0 1 0 0 0 yes
850 0 1 1 1 1 1 1 0 0 1 yes
851 1 1 0 0 1 0 1 1 0 0 yes
852 1 1 0 0 0 1 0 1 1 1 yes
853 0 0 0 1 0 0 1 0 0 0 yes
854 0 0 0 1 0 1 0 0 0 0 yes
855 1 0 0 0 1 0 1 0 0 0 yes
856 0 0 1 0 1 0 0 0 0 0 yes
857 0 1 0 1 1 0 1 1 1 1 no
858 0 1 1 0 0 0 0 1 1 0 yes
859 1 0 0 0 1 0 0 0 0 0 no
860 1 0 1 1 0 0 0 0 1 0 yes
861 1 1 0 0 1 1 1 1 1 1 yes
862 1 1 0 0 1 1 0 1 0 0 yes
863 0 0 1 1 1 1 0 0 0 0 yes
864 1 1 1 1 0 0 0 0 0 1 yes
865 1 1 0 0 1 1 0 1 1 1 no
866 0 1 0 0 0 0 1 1 1 1 yes
867 0 1 1 1 0 0 1 0 0 1 yes
868 1 0 0 1 1 1 1 0 0 0 no
869 1 0 1 0 0 0 1 1 0 0 no
870 1 1 1 0 0 0 0 0 1 0 no
871 0 0 1 1 0 0 1 1 1 1 yes
872 1 1 0 1 1 0 1 1 0 1 yes
873 1 0 0 1 1 1 1 1 1 0 no
874 0 0 1 0 1 1 1 1 1 0 no
875 1 1 0 0 0 0 0 0 0 1 no
876 0 0 0 0 1 0 1 0 1 1 yes
877 1 1 0 0 1 1 1 1 1 0 yes
878 0 1 1 1 1 0 0 0 0 1 no
879 1 0 0 1 1 0 1 1 1 1 no
880 1 1 0 1 1 1 1 1 1 1 yes
881 1 1 0 1 0 1 0 1 1 0 yes
882 1 0 1 0 1 1 0 0 1 0 yes
883 0 1 0 0 1 1 0 0 1 0 yes
884 1 0 1 0 1 0 0 1 1 0 yes
885 1 1 0 1 1 1 0 1 1 0 no
886 0 1 1 0 0 1 1 0 0 1 yes
887 1 0 0 1 1 1 1 1 1 0 yes
888 1 1 1 1 0 0 0 0 0 0 no
889 0 0 0 1 0 0 1 1 0 0 yes
890 1 0 1 1 1 1 1 1 1 0 yes
891 1 1 0 0 1 1 0 0 1 0 yes
892 0 1 0 0 0 1 0 0 0 0 no
893 0 0 0 0 0 1 0 0 1 1 yes
894 1 1 0 1 1 0 1 0 1 1 yes
895 0 0 0 1 1 0 0 1 1 0 no
896 0 1 1 1 1 0 1 1 1 1 no
897 0 0 0 1 0 1 1 1 1 1 no
898 1 0 0 0 0 1 1 0 0 0 yes
899 0 1 0 0 1 0 1 0 0 0 no
900 0 0 1 0 0 0 1 0 0 1 yes
901 1 1 1 1 1 0 1 1 0 1 yes
902 1 0 1 1 0 1 0 0 0 0 yes
903 0 0 1 1 1 1 0 1 1 1 yes
904 1 1 1 1 0 0 0 0 0 1 no
905 1 0 1 1 1 0 1 1 0 0 no
906 1 0 1 1 0 0 0 0 0 1 no
907 1 1 1 0 1 1 0 1 0 1 no
908 0 0 0 1 1 0 0 1 1 0 yes
909 0 0 0 0 1 0 0 1 0 0 yes
910 1 0 0 1 1 0 0 0 1 0 yes
911 0 1 1 1 1 0 0 1 1 1 yes
912 1 0 0 1 0 0 1 0 1 1 yes
913 1 1 1 0 0 0 0 0 1 0 yes
914 1 1 0 0 0 1 0 0 0 0 no
915 0 1 1 0 1 0 0 1 1 0 no
916 0 0 1 1 1 0 1 0 1 0 yes
917 1 1 0 1 0 0 1 1 0 1 yes
918 0 1 0 1 0 1 1 0 1 0 yes
919 0 0 0 0 1 1 0 1 1 0 yes
920 1 1 1 0 1 0 1 1 0 1 no
921 0 0 0 0 1 0 1 1 0 0 yes
922 0 0 1 1 1 0 1 0 1 1 no
923 1 1 0 1 1 1 1 1 0 1 yes
924 0 0 0 0 0 0 1 0 0 0 no
925 1 0 0 0 0 1 0 1 0 1 yes
926 0 1 0 1 1 1 0 1 0 0 no
927 0 1 1 0 1 1 1 0 1 1 yes
928 0 1 1 0 0 1 1 1 0 0 yes
929 0 1 1 0 0 1 0 0 1 0 yes
930 0 0 0 0 1 0 0 0 0 1 yes
931 0 1 1 0 0 1 1 1 0 1 yes
932 0 0 1 1 0 1 0 1 1 1 no
933 1 0 0 0 1 1 0 1 0 0 yes
934 1 0 0 1 0 0 0 1 1 0 no
935 1 1 0 1 0 1 0 1 0 0 no
936 0 0 0 1 1 1 1 0 1 1 no
937 1 0 0 1 0 1 1 0 0 0 no
938 1 1 1 0 0 0 0 0 0 0 no
939 1 0 0 0 0 0 0 1 1 0 yes
940 1 0 1 0 0 0 0 0 0 1 no
941 0 0 0 0 1 0 0 1 1 0 no
942 1 1 0 1 1 1 0 1 0 1 no
943 1 1 1 0 0 0 0 0 0 1 yes
944 0 0 0 0 1 0 1 0 1 0 no
945 1 1 0 0 1 0 1 1 1 0 yes
946 0 0 1 1 0 1 0 1 0 0 yes
947 0 1 0 1 0 1 0 1 0 0 no
948 1 0 0 1 1 1 0 0 0 1 yes
949 1 0 1 0 0 0 1 0 1 1 no
950 1 1 0 1 1 0 1 1 1 1 no
951 1 0 0 1 1 0 1 0 1 1 no
952 0 0 1 1 1 1 1 0 1 1 yes
953 1 0 0 0 0 0 0 0 0 1 yes
954 0 0 1 0 0 0 1 1 1 1 yes
955 0 0 0 1 0 0 1 0 0 0 no
956 0 1 1 0 0 1 1 0 0 1 yes
957 0 1 1 1 0 1 0 1 0 1 no
958 0 0 1 0 1 1 0 1 1 0 no
959 0 0 0 1 0 0 0 0 1 1 yes
960 0 0 1 1 1 0 0 1 0 1 no
961 1 1 1 1 1 0 0 1 1 0 yes
962 0 0 0 1 0 0 0 1 1 1 no
963 1 1 0 1 0 1 1 0 1 0 yes
964 0 0 1 0 0 1 1 1 0 0 yes
965 0 0 1 0 1 0 0 1 0 0 no
966 0 0 0 0 1 1 0 0 0 0 no
967 0 1 0 0 0 0 0 0 1 0 yes
968 1 1 1 0 0 1 0 1 0 0 yes
969 1 1 0 1 0 1 1 0 1 0 no
970 0 1 0 0 0 0 0 0 1 0 no
971 1 0 1 0 0 1 1 0 0 1 no
972 0 1 1 0 1 0 1 0 0 0 no
973 0 0 0 0 1 0 1 1 0 1 yes
974 1 1 0 1 1 1 0 0 1 1 no
975 1 0 0 1 1 1 0 1 0 1 no
976 0 0 0 1 1 0 1 1 0 1 no
977 1 1 0 1 0 1 0 0 1 1 yes
978 0 1 1 1 0 0 1 0 0 0 yes
979 0 0 0 1 1 0 1 1 0 0 yes
980 1 1 1 0 1 0 0 1 0 1 no
981 1 1 0 0 1 1 0 1 1 1 yes
982 1 1 1 1 1 1 0 1 1 0 no
983 0 0 1 1 1 0 0 1 1 0 no
984 1 0 0 1 1 0 0 1 1 1 no
985 1 1 1 0 0 1 1 0 1 0 yes
986 0 0 0 1 0 0 1 0 1 1 yes
987 0 0 0 0 0 1 0 0 0 1 yes
988 0 1 0 1 0 1 0 0 1 1 no
989 0 0 0 1 1 1 0 0 1 0 no
990 1 0 1 1 1 1 0 1 0 1 no
991 1 1 1 1 0 0 1 1 1 0 yes
992 1 1 1 1 0 1 0 0 0 1 yes
993 1 1 0 0 1 1 0 0 1 0 no
994 0 0 1 1 1 1 0 0 1 0 yes
995 1 1 0 1 0 0 1 0 1 1 yes
996 1 1 1 0 1 0 1 0 0 0 yes
997 0 0 1 1 1 0 0 0 0 0 no
998 0 0 0 1 0 1 1 0 0 1 yes
999 0 0 0 0 1 0 1 1 1 1 no
1000 1 1 1 1 1 0 1 1 1 0 no
1001 0 0 0 1 1 1 1 1 0 0 no
1002 0 0 1 1 1 1 1 0 1 1 yes
1003 1 1 0 0 0 1 0 1 0 0 yes
1004 1 0 1 1 0 0 1 1 0 1 no
1005 0 0 1 0 0 1 1 1 1 1 yes
1006 1 1 1 0 0 1 0 0 0 0 yes
1007 1 0 1 0 1 1 0 1 1 1 no
1008 0 1 0 0 1 0 1 1 0 1 no
1009 1 0 1 1 1 1 0 1 1 1 no
1010 1 0 1 1 0 0 1 1 0 0 yes
1011 1 0 1 1 0 0 0 0 0 1 no
1012 1 1 0 1 0 0 1 0 0 1 yes
1013 1 0 0 0 1 0 1 0 1 0 no
1014 0 1 1 1 0 0 0 1 1 0 no
1015 0 0 1 1 1 1 0 1 0 1 yes
1016 1 0 0 0 0 1 0 0 1 0 no
1017 0 1 0 0 1 1 0 1 0 1 no
1018 0 0 0 1 0 0 1 0 0 0 yes
1019 0 1 0 1 0 0 1 1 1 1 no
1020 1 1 1 0 1 1 1 1 0 0 yes
1021 1 1 0 1 1 0 1 0 1 0 yes
1022 0 1 1 0 1 1 0 0 1 1 yes
1023 0 0 0 1 0 1 0 0 1 0 no
1024 1 0 1 1 0 0 1 1 1 1 no
1025 0 1 0 0 1 1 1 1 1 0 no
1026 0 0 1 0 0 1 1 1 1 1 no
1027 1 0 1 0 1 1 0 0 0 0 yes
1028 1 0 0 1 0 1 0 1 0 1 no
1029 1 1 0 0 1 0 0 1 0 1 no
1030 1 0 0 0 1 0 1 0 1 1 no
1031 0 0 0 0 1 1 0 1 1 1 yes
1032 0 1 0 1 1 0 0 0 1 0 no
1033 0 1 0 1 0 1 1 1 1 1 yes
1034 1 0 1 0 1 1 1 1 0 0 no
1035 0 1 1 1 0 0 1 0 0 1 no
1036 0 1 1 1 0 1 1 1 0 1 no
1037 0 1 0 0 0 0 0 1 1 0 no
1038 0 1 1 1 0 1 0 0 1 0 no
1039 1 1 1 1 0 1 0 1 1 1 yes
1040 0 0 1 1 0 1 1 1 0 0 no
1041 0 1 1 1 0 1 0 1 0 0 yes
1042 0 1 0 0 0 1 1 1 1 1 no
1043 1 0 1 1 0 1 0 1 1 1 yes
1044 0 0 0 1 1 1 1 1 0 1 no
1045 0 0 1 0 0 1 1 0 1 1 yes
1046 0 1 0 1 0 1 1 0 0 1 no
1047 0 0 0 1 1 1 1 1 1 0 no
1048 1 1 1 0 1 0 0 0 1 0 yes
1049 1 1 0 1 1 0 1 1 0 1 yes
1050 1 1 0 0 0 0 1 0 0 0 yes
1051 1 1 1 0 0 0 0 1 1 0 no
1052 1 1 1 0 0 0 0 0 0 0 yes
1053 0 0 1 1 0 0 1 1 1 1 no
1054 1 0 0 1 1 1 1 0 0 1 yes
1055 1 1 1 1 1 0 1 1 0 1 no
1056 0 1 0 0 0 0 0 1 0 0 yes
1057 0 1 0 1 0 1 1 1 0 1 no
1058 1 1 0 1 0 1 0 1 1 0 no
1059 0 0 1 1 1 0 1 0 1 1 yes
1060 1 1 0 0 1 1 0 0 1 0 no
1061 0 0 1 1 0 1 1 0 1 0 yes
1062 1 0 1 0 0 0 0 0 1 0 no
1063 0 1 0 1 1 1 0 1 1 1 yes
1064 1 1 0 0 0 1 1 1 0 1 yes
1065 1 0 1 1 0 0 1 0 0 0 no
1066 0 1 1 0 1 0 1 0 1 1 no
1067 1 1 1 0 1 1 0 0 1 0 no
1068 0 0 0 0 1 0 0 1 1 1 no
1069 1 1 0 0 1 0 0 1 0 1 yes
1070 0 1 1 1 1 1 1 1 1 0 yes
1071 1 1 0 1 0 1 1 0 0 1 no
1072 1 1 1 0 0 1 0 0 0 0 no
1073 1 0 0 1 1 1 0 0 0 0 yes
1074 1 1 1 1 1 0 1 1 1 1 no
1075 1 1 1 0 1 1 0 1 1 1 no
1076 1 0 0 1 1 0 0 0 1 1 yes
1077 0 0 1 1 0 0 0 1 1 0 no
1078 1 1 0 0 1 1 0 1 0 1 yes
1079 0 0 1 0 1 1 1 0 0 0 yes
1080 0 1 1 1 1 0 0 0 1 1 no
1081 0 1 0 1 0 1 1 0 0 0 no
1082 1 1 0 0 0 0 1 0 1 1 no
1083 1 0 1 0 1 0 1 1 0 1 yes
1084 1 0 1 1 1 0 0 1 0 0 no
1085 1 1 1 0 1 0 1 1 0 0 no
1086 0 0 1 0 1 1 0 1 1 1 yes
1087 1 0 1 0 1 1 1 1 1 0 yes
1088 1 0 0 1 1 0 1 1 1 0 no
1089 0 0 1 0 0 0 0 0 0 1 yes
1090 1 1 1 1 1 1 0 1 1 1 no
1091 0 1 1 0 0 0 1 1 1 1 yes
1092 0 0 1 1 1 0 1 1 0 0 yes
1093 1 1 1 1 0 1 0 1 0 0 yes
1094 0 1 0 0 1 0 0 0 0 1 no
1095 0 1 1 0 1 1 0 0 1 1 no
1096 0 1 1 0 1 1 1 1 1 1 no
1097 0 1 0 0 1 0 1 0 0 0 yes
1098 1 0 0 1 1 0 0 0 0 0 no
1099 1 1 1 1 0 0 1 0 1 1 no
1100 1 0 0 1 1 0 0 1 1 1 no
1101 1 1 1 0 0 0 1 1 0 0 yes
1102 0 1 1 1 0 0 1 1 0 0 no
1103 0 0 0 1 0 1 1 1 0 1 no
1104 0 0 1 0 0 1 0 0 1 0 yes
1105 0 1 1 0 1 0 0 1 1 0 no
1106 1 1 0 1 1 1 0 1 0 0 yes
1107 0 1 1 0 0 0 1 1 1 1 no
1108 1 1 0 0 1 0 0 1 1 1 no
1109 1 1 1 1 1 0 1 0 0 0 yes
1110 0 0 0 1 1 0 1 0 1 1 yes
1111 1 0 0 0 1 1 1 1 0 1 no
1112 0 1 0 1 0 0 1 0 1 0 yes
1113 1 1 0 1 1 1 1 1 1 0 yes
1114 0 0 1 0 0 1 0 0 1 1 yes
1115 0 1 0 0 0 0 1 1 1 1 yes
1116 0 1 1 1 1 0 1 0 1 1 no
1117 0 0 1 0 0 0 0 0 0 0 no
1118 1 1 1 0 1 1 0 0 1 1 yes
1119 1 0 1 1 0 0 1 0 1 1 yes
1120 0 0 0 1 0 0 1 0 1 1 yes
1121 0 1 0 1 1 1 1 1 1 1 no
1122 0 0 1 0 0 1 0 1 1 1 yes
1123 0 1 1 0 0 0 0 0 1 0 no
1124 1 0 1 0 0 1 1 1 0 1 yes
1125 0 1 1 0 1 1 1 1 1 0 no
1126 1 0 0 0 0 0 1 0 0 0 yes
1127 1 0 1 0 1 1 0 0 0 0 yes
1128 1 0 1 1 1 1 0 0 0 0 yes
1129 0 0 1 0 1 0 0 0 0 1 yes
1130 1 0 1 1 1 1 1 1 1 0 yes
1131 0 0 1 0 1 0 0 1 0 0 yes
1132 0 0 1 1 1 1 0 1 0 0 no
1133 1 1 1 0 1 1 1 1 0 0 no
1134 0 0 0 1 1 0 1 0 1 1 no
1135 1 0 1 1 1 1 0 1 1 0 yes
1136 1 1 0 1 0 0 1 1 0 1 yes
1137 1 1 0 1 1 1 0 1 0 0 no
1138 1 0 0 0 1 1 0 1 0 1 no
1139 0 0 1 1 0 0 0 0 0 0 yes
1140 0 1 0 1 0 1 1 1 1 0 yes
1141 0 0 0 1 1 0 0 1 0 0 yes
1142 1 1 0 1 1 0 1 1 1 0 yes
1143 0 1 1 0 0 0 1 1 1 0 no
1144 1 0 0 1 1 0 0 0 0 0 no
1145 0 0 0 1 1 0 0 1 0 1 yes
1146 0 0 0 1 0 1 0 1 0 1 yes
1147 1 0 1 1 1 0 0 0 1 0 yes
1148 0 0 1 0 0 1 0 1 1 1 no
1149 0 0 0 0 1 0 0 0 1 1 yes
1150 0 1 0 1 0 1 0 0 0 0 no
1151 1 1 0 1 1 1 1 1 0 1 yes
1152 0 1 1 1 1 1 1 1 0 0 no
1153 0 0 1 1 1 0 1 1 0 0 yes
1154 0 1 0 1 1 0 1 0 1 0 no
1155 1 0 0 1 1 1 0 0 1 1 yes
1156 1 0 0 0 0 1 1 0 0 0 no
1157 0 0 1 0 0 0 1 1 0 0 yes
1158 0 1 0 0 0 0 0 0 1 1 yes
1159 0 1 1 0 1 1 0 0 1 1 no
1160 1 1 1 1 1 0 0 0 0 1 no
1161 1 0 0 1 0 0 1 1 0 0 yes
1162 1 1 0 1 1 1 1 1 0 1 no
1163 1 0 1 0 0 0 0 0 1 1 no
1164 1 1 1 0 0 0 0 0 0 1 yes
1165 1 0 1 0 1 1 0 0 1 1 no
1166 0 1 0 1 1 1 1 1 1 1 no
1167 0 0 0 0 0 0 1 0 1 0 yes
1168 1 0 0 1 0 0 1 1 0 1 yes
1169 0 1 1 0 0 1 0 1 1 1 yes
1170 1 0 0 0 0 0 0 0 1 1 yes
1171 0 1 0 1 1 1 0 0 1 0 yes
1172 1 0 1 1 1 0 1 0 0 0 yes
1173 1 0 0 0 1 0 0 1 1 1 yes
1174 1 0 0 0 1 1 1 1 0 0 no
1175 1 1 1 0 1 0 1 1 0 1 yes
1176 0 0 1 0 0 1 1 1 0 0 yes
1177 0 1 1 1 0 0 0 0 1 0 yes
1178 1 0 0 0 0 0 0 0 0 0 yes
1179 0 1 0 0 1 1 1 0 1 1 yes
1180 0 0 0 1 1 1 1 1 1 0 no
1181 1 1 0 0 1 1 0 0 1 1 yes
1182 1 1 0 1 0 1 1 1 1 1 no
1183 0 0 0 1 1 1 1 1 0 1 yes
1184 0 1 1 1 0 0 1 1 1 0 no
1185 0 0 1 0 1 0 0 1 0 1 no
1186 1 1 0 1 1 0 0 1 1 0 no
1187 1 1 0 0 1 0 0 0 1 1 no
1188 1 1 0 1 0 0 0 0 1 0 yes
1189 0 0 1 1 0 1 0 1 0 1 yes
1190 1 0 1 1 1 1 0 0 1 1 yes
1191 0 0 0 1 0 1 0 1 0 0 yes
1192 1 1 0 1 0 1 1 0 0 1 yes
1193 1 1 0 1 1 1 1 1 0 0 yes
1194 0 1 0 0 1 0 1 0 1 0 yes
1195 1 0 1 1 0 0 1 1 1 0 no
1196 0 0 1 0 0 1 0 0 0 0 no
1197 1 1 0 1 0 1 1 1 1 1 no
1198 0 0 0 0 0 0 0 1 0 0 no
1199 0 0 1 0 0 0 0 1 1 1 no
1200 0 1 1 1 1 0 1 0 0 1 yes
1201 0 1 1 1 0 1 0 0 1 1 yes
1202 1 1 1 0 0 0 1 1 1 0 yes
1203 1 1 0 1 0 1 1 0 0 1 yes
1204 0 0 0 1 0 0 1 0 1 1 yes
1205 0 0 0 1 0 0 0 0 0 0 no
1206 0 1 0 0 0 0 0 1 1 1 yes
1207 1 0 1 1 1 0 0 0 0 1 no
1208 1 1 0 1 0 0 0 1 1 1 no
1209 0 1 0 1 0 0 0 1 0 1 no
1210 1 1 0 1 0 1 0 0 1 0 no
1211 1 0 0 0 1 0 0 1 0 0 no
1212 0 0 1 0 0 0 0 1 0 0 yes
1213 0 0 0 1 0 0 0 0 1 1 no
1214 0 1 0 0 0 1 0 0 1 0 no
1215 1 1 1 0 1 0 1 0 1 1 yes
1216 1 1 0 1 0 0 1 0 0 0 yes
1217 1 1 0 0 1 1 1 0 1 1 no
1218 1 1 0 1 0 1 1 0 1 0 no
1219 1 1 1 0 0 1 0 1 1 0 yes
1220 0 1 0 1 1 1 0 0 1 1 no
1221 0 0 1 1 1 1 1 0 1 0 yes
1222 0 1 0 0 1 1 0 1 1 1 yes
1223 1 1 1 0 1 1 1 0 0 0 yes
1224 1 0 0 1 0 0 1 0 1 1 no
1225 1 0 0 0 1 0 0 1 0 0 no
1226 1 0 0 1 0 0 0 0 1 1 yes
1227 0 0 0 0 0 1 1 1 1 0 no
1228 0 1 1 1 1 0 0 1 0 1 yes
1229 0 1 0 1 0 1 1 0 0 1 yes
1230 1 1 1 1 1 0 1 0 1 1 no
1231 0 1 0 1 1 0 0 1 0 1 yes
1232 1 0 1 0 0 1 0 1 0 0 no
1233 1 1 1 0 0 0 0 0 0 1 no
1234 0 0 0 1 0 0 0 1 0 0 yes
1235 1 0 1 1 1 0 1 0 1 1 yes
1236 1 1 1 0 0 1 1 1 1 1 yes
1237 0 0 1 1 0 1 1 1 1 1 no
1238 1 1 1 1 1 0 1 0 1 1 yes
1239 0 0 1 0 0 0 1 0 1 0 yes
1240 1 0 1 0 1 1 1 0 1 1 yes
1241 0 1 1 1 1 0 1 0 1 0 yes
1242 0 1 0 1 0 0 0 0 1 1 yes
1243 0 1 0 0 1 1 1 0 0 0 no
1244 1 0 0 1 0 1 1 0 1 0 no
1245 1 0 1 1 0 1 1 1 1 1 yes
1246 1 1 0 1 0 1 0 0 0 1 yes
1247 0 1 0 1 1 1 1 1 1 1 yes
1248 0 0 0 1 1 1 1 0 0 0 no
1249 0 1 0 1 1 1 0 0 1 1 no
1250 0 1 0 1 0 0 1 0 0 0 no
1251 0 0 0 0 0 1 0 0 1 0 no
1252 1 0 0 1 1 1 0 0 1 0 no
1253 0 1 1 1 1 1 1 0 1 0 no
1254 1 1 0 0 0 1 0 0 0 0 yes
1255 1 0 0 1 1 1 0 0 0 0 no
1256 0 1 0 1 0 1 0 0 0 0 yes
1257 1 1 1 0 0 0 1 1 0 1 yes
1258 0 1 1 0 0 1 0 1 1 0 yes
1259 0 0 0 1 0 1 0 0 1 1 yes
1260 0 0 0 0 0 1 1 0 0 1 yes
1261 0 1 0 0 0 1 1 0 0 0 no
1262 1 0 0 0 0 1 1 1 1 0 yes
1263 0 0 0 0 1 0 1 1 0 0 no
1264 0 1 0 0 1 0 1 1 1 1 no
1265 1 0 1 1 0 1 0 0 0 0 yes
1266 1 1 0 1 1 0 0 0 0 1 no
1267 0 1 0 0 1 1 0 0 0 0 no
1268 1 0 1 0 0 1 1 1 1 1 no
1269 1 1 1 0 1 1 1 0 0 1 no
1270 0 0 0 1 0 1 1 0 0 0 yes
1271 1 1 1 0 0 1 0 0 0 0 no
1272 1 1 0 1 0 1 0 0 1 0 no
1273 0 1 0 1 0 1 1 1 1 1 no
1274 0 0 1 1 1 0 1 0 0 1 yes
1275 0 0 1 1 1 1 1 0 1 1 yes
1276 1 0 0 1 0 1 1 1 1 0 yes
1277 0 1 1 0 0 0 0 0 1 0 yes
1278 1 1 1 1 1 0 1 1 0 0 no
1279 1 0 0 1 1 1 0 0 0 1 yes
1280 0 0 1 0 0 1 1 0 0 0 no
1281 1 0 1 0 0 1 0 0 1 1 yes
1282 0 1 1 1 1 1 0 0 1 0 yes
1283 0 1 1 1 1 1 1 1 1 0 no
1284 1 0 1 1 0 0 0 1 0 1 no
1285 0 1 1 0 0 0 0 1 0 0 no
1286 0 0 1 0 0 1 1 0 0 1 no
1287 0 1 1 1 0 1 1 0 0 1 yes
1288 0 1 0 1 0 1 0 1 1 0 yes
1289 1 0 1 1 0 0 0 1 1 0 no
1290 0 1 0 1 0 0 0 0 1 0 no
1291 0 0 1 0 1 1 1 0 1 0 no
1292 0 0 1 1 1 1 1 1 1 1 no
1293 0 1 1 0 0 0 1 1 0 0 yes
1294 1 1 0 0 1 1 1 1 1 0 yes
1295 1 0 1 0 1 1 1 0 0 0 yes
1296 0 0 1 1 0 1 1 0 1 0 yes
1297 1 0 1 1 0 0 0 1 0 1 yes
1298 0 0 0 1 0 1 1 1 0 1 yes
1299 1 0 0 1 1 0 1 1 1 1 yes
1300 1 0 0 1 1 1 1 1 0 0 no
1301 0 1 0 1 0 1 0 1 0 0 no
1302 1 0 0 0 1 1 1 0 1 0 no
1303 1 1 1 0 0 1 1 1 0 0 no
1304 0 0 1 1 0 1 1 0 1 1 no
1305 0 1 0 1 1 1 0 0 0 1 yes
1306 1 0 1 1 1 0 0 0 1 1 yes
1307 1 1 1 1 0 0 0 1 0 0 no
1308 1 1 1 1 1 1 0 1 1 0 yes
1309 0 1 1 0 0 0 1 1 0 0 yes
1310 0 0 0 1 0 1 0 0 0 1 no
1311 1 1 0 1 1 0 1 0 0 1 no
1312 0 1 0 0 0 1 0 0 0 0 yes
1313 0 1 0 1 1 0 0 0 1 0 yes
1314 0 1 0 1 1 1 0 0 0 1 no
1315 0 0 1 0 0 1 1 1 0 0 yes
1316 0 1 0 1 1 0 0 1 1 1 no
1317 0 0 0 0 0 1 1 1 1 1 yes
1318 1 0 0 0 1 1 0 1 0 1 yes
1319 0 0 0 1 0 1 0 1 1 0 no
1320 0 0 0 0 1 1 1 1 1 1 no
1321 0 1 0 0 1 1 1 1 0 0 no
1322 0 0 0 0 1 0 0 0 0 1 yes
1323 1 1 0 1 0 1 0 0 1 0 yes
1324 0 0 0 0 1 0 1 1 1 0 no
1325 0 0 1 1 0 1 0 1 0 1 no
1326 0 1 1 0 0 0 0 0 0 1 yes
1327 0 0 0 0 0 1 1 1 1 1 yes
1328 0 0 1 0 0 0 0 0 0 1 yes
1329 1 0 0 1 1 0 1 1 0 1 yes
1330 0 0 0 0 0 1 0 1 0 1 yes
1331 0 1 1 0 1 0 1 0 0 1 yes
1332 1 0 0 0 0 0 1 0 0 1 yes
1333 1 0 1 0 1 0 0 0 1 1 no
1334 1 0 0 0 0 0 1 1 0 1 no
1335 0 0 1 0 1 1 0 0 1 0 yes
1336 1 1 0 0 1 1 0 1 1 1 yes
1337 1 0 1 0 0 0 1 1 0 1 yes
1338 0 0 0 0 0 1 1 1 0 1 yes
1339 0 0 0 1 0 0 0 1 0 0 yes
1340 0 0 1 1 0 1 1 1 0 1 yes
1341 1 0 0 1 1 1 1 0 0 1 yes
1342 1 0 0 1 1 1 1 0 1 1 yes
1343 1 0 1 1 1 0 0 1 1 0 yes
1344 0 0 1 1 0 0 1 0 1 0 yes
1345 1 0 1 1 0 1 0 0 1 0 no
1346 0 1 0 1 1 0 0 0 0 0 no
1347 0 1 0 0 0 0 1 0 1 1 yes
1348 1 1 1 0 0 0 0 0 1 1 no
1349 1 1 1 0 1 1 1 0 1 0 no
1350 0 0 0 0 1 0 0 0 0 1 no
1351 1 1 1 0 0 1 1 1 0 1 yes
1352 0 0 0 0 1 0 1 1 0 0 yes
1353 0 0 0 1 0 0 0 1 1 1 yes
1354 0 0 0 1 1 0 0 0 0 1 yes
1355 0 1 0 0 0 1 1 1 1 1 no
1356 1 0 1 0 1 0 1 0 1 1 yes
1357 0 1 1 1 1 0 0 0 0 0 yes
1358 0 1 0 0 1 1 1 1 0 1 no
1359 1 0 1 1 0 0 1 1 1 1 yes
1360 1 0 0 1 1 0 0 0 1 0 no
1361 0 1 0 1 1 1 0 1 0 1 yes
1362 1 1 1 0 1 0 1 0 1 0 yes
1363 1 0 1 1 0 0 0 1 0 0 no
1364 1 0 1 1 0 1 1 1 0 0 yes
1365 0 1 0 1 0 1 1 1 0 0 no
1366 0 0 0 1 1 1 0 1 1 1 no
1367 1 0 1 1 1 1 1 0 1 1 yes
1368 0 1 1 0 0 0 0 1 1 0 no
1369 1 0 1 0 0 1 1 1 0 0 yes
1370 1 1 1 0 0 1 0 0 1 1 no
1371 0 0 0 1 1 1 0 1 1 0 no
1372 1 0 0 1 1 1 1 0 0 1 no
1373 1 0 0 0 1 0 1 0 0 1 yes
1374 1 1 0 1 1 0 0 1 1 1 no
1375 1 0 0 0 1 1 1 0 1 0 yes
1376 1 1 0 1 1 1 0 1 1 0 yes
1377 1 0 0 1 1 1 1 1 1 1 no
1378 1 1 0 1 0 0 1 1 1 1 no
1379 1 0 0 1 0 0 1 0 1 1 yes
1380 1 0 0 0 0 1 0 1 1 1 no
1381 0 1 1 0 1 0 0 0 0 0 no
1382 1 1 0 1 0 0 0 1 0 0 yes
1383 0 1 0 1 1 0 1 1 1 1 yes
1384 1 0 0 1 1 0 1 1 1 0 yes
1385 1 0 0 1 1 1 0 0 0 0 no
1386 1 1 0 0 0 0 1 0 1 1 yes
1387 1 1 1 0 1 1 1 0 1 1 yes
1388 1 1 0 0 0 0 0 0 0 0 yes
1389 1 1 0 0 1 1 1 1 1 1 no
1390 1 1 0 1 1 0 0 1 0 1 yes
1391 1 1 0 1 0 1 1 1 1 1 yes
1392 0 1 1 0 0 0 0 0 1 1 yes
1393 0 0 1 0 0 1 0 1 1 0 no
1394 1 0 0 1 0 1 0 1 0 0 yes
1395 0 1 0 0 1 1 0 1 0 1 yes
1396 0 0 1 0 0 0 1 0 1 1 no
1397 0 1 1 0 0 1 1 1 1 0 yes
1398 1 0 0 1 1 1 1 0 0 0 yes
1399 0 0 1 1 1 0 1 0 0 1 yes
1400 0 0 0 0 1 1 1 0 0 1 no
1401 0 0 0 1 0 1 1 0 1 1 yes
1402 0 1 1 0 1 0 0 1 0 0 yes
1403 0 1 1 1 1 1 1 1 0 1 no
1404 1 0 0 0 1 1 0 1 0 1 yes
1405 1 0 0 0 0 0 1 0 1 0 yes
1406 0 1 1 0 0 0 0 0 1 1 yes
1407 0 1 0 1 1 1 1 0 1 0 no
1408 1 0 0 0 0 0 0 1 1 1 no
1409 0 1 0 1 1 0 0 0 0 0 no
1410 0 1 1 0 0 0 1 0 1 0 yes
1411 0 1 0 0 0 1 1 0 0 1 no
1412 1 0 0 0 1 0 1 0 0 0 no
1413 1 0 0 0 1 1 1 1 0 1 no
1414 0 1 1 0 0 1 0 0 0 1 yes
1415 0 0 1 1 1 0 1 0 1 0 no
1416 0 1 1 0 0 1 1 1 0 1 no
1417 0 0 0 1 0 1 1 0 1 0 no
1418 1 0 1 1 0 0 0 0 1 1 no
1419 0 0 1 0 1 1 1 0 1 1 yes
1420 1 0 1 0 1 1 0 0 1 1 no
1421 1 1 0 1 0 1 1 0 1 1 yes
1422 1 1 0 0 0 1 0 0 0 1 yes
1423 1 1 0 0 1 1 0 0 1 1 yes
1424 0 1 0 1 0 0 0 0 0 0 yes
1425 1 0 1 0 0 1 1 1 1 0 no
1426 0 1 0 0 1 0 0 0 0 1 no
1427 0 0 0 1 0 0 1 0 1 0 yes
1428 0 1 0 0 1 0 1 1 0 1 no
1429 1 1 0 1 1 1 1 1 0 0 yes
1430 0 1 1 1 0 1 1 1 1 0 no
1431 0 0 1 1 0 0 1 1 0 1 yes
1432 1 1 1 0 1 0 1 0 0 1 yes
1433 1 1 1 1 0 0 1 1 1 0 no
1434 1 0 1 1 1 0 1 1 1 1 yes
1435 0 0 1 0 1 0 1 0 1 1 yes
1436 0 0 1 0 0 1 0 0 0 0 no
1437 0 1 1 1 1 0 0 0 0 1 yes
1438 0 0 1 1 0 0 0 0 1 1 yes
1439 1 0 0 1 1 1 0 0 0 0 no
1440 0 1 1 1 0 0 1 1 1 0 no
1441 0 0 0 1 0 0 0 0 1 0 no
1442 1 1 0 1 0 0 1 0 0 1 no
1443 1 0 0 0 0 0 0 1 1 1 no
1444 0 1 0 0 1 1 1 0 0 1 yes
1445 0 1 0 0 0 1 1 0 1 0 no
1446 0 0 0 0 0 0 1 1 0 0 yes
1447 0 1 0 1 1 1 0 1 0 0 no
1448 0 0 1 0 0 1 1 0 0 0 no
1449 1 1 0 1 0 1 1 0 1 0 yes
1450 0 1 1 0 1 1 1 1 0 1 yes
1451 1 0 1 0 1 1 1 1 1 1 yes
1452 0 1 1 0 1 1 1 0 1 1 yes
1453 0 0 0 0 1 0 1 0 1 1 no
1454 0 0 1 1 1 1 1 0 0 0 yes
1455 1 1 0 1 1 0 1 0 0 1 yes
1456 0 1 1 1 0 1 0 1 0 0 no
1457 0 1 1 1 0 0 1 1 0 0 no
1458 0 0 0 1 0 1 0 0 0 1 yes
1459 1 1 0 1 0 1 0 1 1 1 no
1460 0 0 0 1 0 0 0 1 0 1 no
1461 1 0 0 0 1 0 0 1 0 1 no
1462 0 0 1 0 0 0 1 1 1 0 no
1463 0 1 1 1 1 1 1 0 1 1 yes
1464 0 1 0 1 0 1 0 0 0 0 yes
1465 1 0 1 0 0 0 1 1 0 1 yes
1466 0 0 0 1 0 0 0 1 0 0 yes
1467 0 0 0 1 1 0 0 1 1 1 yes
1468 1 0 0 1 0 1 1 1 0 0 no
1469 1 1 1 0 0 1 1 1 1 1 yes
1470 0 1 1 0 0 0 0 1 1 0 no
1471 1 1 1 1 1 0 0 1 1 1 no
1472 1 1 1 1 1 1 1 1 0 0 no
1473 0 0 0 1 0 1 1 0 0 0 no
1474 0 1 1 1 0 1 1 0 0 0 no
1475 1 0 0 0 1 1 0 1 0 1 yes
1476 0 1 0 0 0 0 1 1 0 0 yes
1477 0 1 0 0 1 1 0 1 0 1 no
1478 1 0 0 1 0 0 1 1 1 1 yes
1479 0 0 1 1 0 1 1 1 1 1 no
1480 0 1 1 1 1 0 1 0 0 0 no
1481 1 1 1 1 0 0 1 1 1 1 no
1482 0 0 0 1 0 0 0 0 0 0 no
1483 0 1 1 1 0 1 1 1 1 0 no
1484 1 1 1 0 1 1 1 0 0 1 no
1485 1 1 0 1 0 1 1 1 1 0 yes
1486 1 0 0 0 0 0 1 0 0 0 no
1487 1 1 0 0 0 1 0 0 1 1 yes
1488 0 1 0 1 1 0 0 1 0 0 yes
1489 1 0 0 1 1 0 1 0 1 1 yes
1490 1 0 1 0 1 1 1 1 0 1 yes
1491 0 1 1 1 0 1 0 0 0 0 no
1492 0 0 0 0 1 0 0 0 0 0 no
1493 1 0 1 1 1 0 1 0 1 0 yes
1494 1 1 1 1 0 1 0 1 0 1 no
1495 0 0 1 0 0 1 1 0 1 1 no
1496 1 1 0 1 1 1 0 0 0 1 yes
1497 0 0 0 0 1 0 1 0 1 1 no
1498 1 0 0 0 1 1 0 1 1 1 no
1499 0 1 1 0 0 1 0 1 1 1 yes
1500 0 1 1 1 0 1 1 1 1 0 yes
1501 1 1 1 1 1 0 0 1 0 1 no
1502 1 1 1 0 0 0 1 1 1 0 yes
1503 0 0 1 1 0 0 0 0 0 1 no
1504 1 0 0 1 0 1 0 1 1 1 no
1505 0 0 1 1 1 0 1 0 1 1 no
1506 0 0 1 0 0 1 1 0 0 1 no
1507 0 1 0 1 0 1 1 0 1 1 no
1508 0 0 1 1 0 1 0 1 1 1 yes
1509 1 1 1 1 0 0 1 1 0 0 no
1510 1 1 0 1 0 0 0 0 1 0 no
1511 0 0 1 0 0 0 1 1 1 1 no
1512 0 0 0 1 0 0 1 1 0 1 yes
1513 0 1 0 0 0 1 0 1 1 0 no
1514 0 0 1 1 0 0 0 0 1 0 no
1515 1 1 1 1 1 0 0 1 0 0 yes
1516 1 0 1 0 1 0 0 1 1 1 no
1517 0 1 1 0 0 1 1 0 1 1 no
1518 1 1 0 0 0 1 1 1 0 1 no
1519 0 0 1 0 1 0 1 1 0 1 yes
1520 1 1 1 1 0 1 0 0 1 1 no
1521 1 1 0 0 1 1 0 0 1 0 yes
1522 1 1 0 1 0 0 0 0 1 0 yes
1523 0 0 1 1 0 1 1 0 1 1 no
1524 0 1 0 1 1 1 1 0 1 0 yes
1525 0 0 0 0 1 0 0 0 0 1 yes
1526 1 0 0 0 0 1 1 1 1 1 yes
1527 1 1 0 1 1 0 1 1 0 1 yes
1528 1 1 1 0 1 1 1 0 1 1 no
1529 0 1 1 1 1 0 1 0 0 0 no
1530 0 0 1 1 0 0 0 1 1 0 yes
1531 0 1 1 1 1 0 1 1 1 0 yes
1532 0 0 1 1 1 1 1 0 0 1 no
1533 1 1 1 0 1 0 1 0 1 1 yes
1534 1 1 0 0 0 1 1 1 1 1 yes
1535 0 1 0 0 1 0 0 0 1 0 no
1536 0 1 1 1 0 0 0 0 1 0 no
1537 1 1 0 1 0 0 1 0 0 1 yes
1538 0 1 1 0 0 0 0 0 0 0 no
1539 1 0 1 0 1 0 0 1 0 1 yes
1540 0 0 1 1 0 0 0 1 0 1 yes
1541 1 0 0 1 0 1 0 1 1 0 no
1542 0 1 1 0 0 0 1 0 1 0 no
1543 1 0 1 0 0 0 1 0 0 0 no
1544 1 1 0 1 1 1 0 0 1 0 yes
1545 0 0 1 1 0 1 0 0 1 0 yes
1546 0 0 1 1 1 1 1 1 0 0 no
1547 0 0 1 0 0 0 0 1 1 0 yes
1548 1 1 0 0 0 0 1 0 1 0 no
1549 1 1 0 1 1 1 0 1 0 1 no
1550 0 0 0 0 1 0 0 0 0 0 no
1551 1 1 0 0 0 1 0 0 0 1 yes
1552 0 1 1 1 0 1 1 1 1 1 yes
1553 0 1 1 1 0 0 0 0 0 0 yes
1554 0 1 0 1 1 0 1 0 0 0 no
1555 0 1 0 0 1 1 1 0 1 1 no
1556 0 1 0 0 1 1 1 0 0 1 no
1557 1 1 0 1 0 1 0 1 1 1 no
1558 0 1 1 1 0 1 1 1 1 0 yes
1559 0 0 1 0 1 0 0 0 0 1 no
1560 1 1 1 1 1 0 1 1 0 0 no
1561 0 0 1 1 0 1 1 1 1 1 no
1562 0 0 0 0 0 1 1 0 0 1 no
1563 0 1 0 1 1 1 0 1 0 0 no
1564 1 1 1 0 1 1 0 0 1 0 yes
1565 0 1 0 1 0 1 1 0 0 0 yes
1566 1 1 0 0 0 1 1 0 1 0 no
1567 1 0 0 0 1 0 1 1 1 1 yes
1568 0 1 0 1 0 1 0 0 1 1 no
1569 0 0 1 1 0 0 0 1 0 1 yes
1570 0 1 0 0 0 1 0 1 1 0 yes
1571 1 0 0 0 1 1 0 0 0 0 no
1572 1 0 0 0 1 1 1 1 0 1 no
1573 1 0 1 1 1 1 0 1 1 0 no
1574 0 0 1 0 0 0 1 0 0 0 yes
1575 0 0 0 0 1 1 0 1 1 0 yes
1576 1 0 1 1 1 1 1 0 1 0 yes
1577 0 1 0 0 1 1 0 0 1 0 yes
1578 1 0 0 0 0 1 0 1 1 0 yes
1579 1 0 0 1 0 1 1 0 1 0 yes
1580 0 1 0 0 0 0 0 0 1 1 no
1581 1 1 1 0 1 0 1 0 0 1 no
1582 1 1 1 1 1 1 0 0 0 1 yes
1583 1 0 0 1 1 0 1 0 0 1 yes
1584 0 0 0 1 1 1 0 1 1 0 no
1585 0 0 1 0 0 1 0 1 0 0 yes
1586 1 1 0 0 0 0 0 1 1 1 yes
1587 0 1 1 0 0 0 0 1 1 0 no
1588 0 0 0 0 0 1 0 0 0 1 yes
1589 1 1 0 1 0 0 1 1 0 1 yes
1590 0 0 1 1 0 0 1 1 0 1 yes
1591 1 0 0 0 1 1 1 0 1 0 yes
1592 1 1 0 0 0 0 0 0 0 1 no
1593 0 1 0 1 0 0 1 1 0 1 no
1594 1 1 1 1 1 1 0 0 1 0 no
1595 1 0 0 0 0 1 0 0 1 0 no
1596 0 1 1 0 0 0 0 0 0 1 yes
1597 1 1 1 0 0 0 1 1 1 1 no
1598 1 1 0 1 0 1 1 1 1 1 yes
1599 1 1 0 0 0 0 1 0 1 0 yes
1600 0 1 1 0 1 0 0 0 0 1 no
1601 0 0 0 0 1 1 0 1 1 0 no
1602 1 0 1 1 0 0 1 0 0 0 no
1603 0 1 1 0 1 0 1 0 1 0 yes
1604 1 1 0 1 0 0 1 1 0 0 no
1605 0 1 0 0 1 0 0 1 0 0 no
1606 0 0 1 1 0 0 1 1 0 0 yes
1607 0 1 0 0 1 0 1 1 0 1 no
1608 0 1 1 1 1 0 0 0 1 1 yes
1609 0 1 0 0 1 1 1 1 0 1 no
1610 0 0 0 0 1 0 0 0 0 0 no
1611 0 1 1 1 1 1 1 1 0 0 no
1612 0 0 1 0 0 0 1 0 1 0 no
1613 0 0 1 1 1 1 0 0 0 1 yes
1614 0 1 1 0 1 1 1 1 0 0 no
1615 1 0 1 0 0 1 1 0 0 0 yes
1616 0 0 1 0 0 1 1 0 0 1 yes
1617 0 1 1 0 0 1 1 1 1 1 no
1618 0 0 0 1 1 0 0 0 1 1 no
1619 0 0 0 1 1 0 0 0 1 1 yes
1620 1 0 0 1 1 0 0 1 1 0 no
1621 1 0 0 0 1 0 0 0 0 0 yes
1622 0 0 0 1 1 0 1 1 0 0 no
1623 1 0 1 1 0 0 0 0 1 1 yes
1624 0 1 0 0 0 1 1 1 0 1 no
1625 0 1 1 1 0 0 1 0 0 1 no
1626 1 1 1 0 0 0 0 1 0 1 yes
1627 0 0 0 1 0 1 1 0 1 1 yes
1628 0 1 1 1 1 1 0 0 0 0 yes
1629 1 1 0 1 0 0 0 1 0 1 yes
1630 1 0 1 0 1 1 0 0 0 0 no
1631 0 0 0 0 0 0 0 0 1 0 yes
1632 0 1 1 0 0 1 1 0 1 1 no
1633 1 1 0 0 1 1 0 1 1 1 no
1634 1 0 1 0 1 1 1 1 1 1 no
1635 1 1 0 0 1 1 1 0 1 0 yes
1636 1 0 1 1 1 1 0 0 1 1 yes
1637 1 0 1 0 1 1 0 0 0 1 no
1638 1 1 0 1 0 0 0 1 1 0 yes
1639 0 1 1 1 1 1 0 0 0 0 yes
1640 1 0 0 1 0 1 0 0 1 1 yes
1641 0 0 0 1 0 0 1 0 0 1 no
1642 1 1 0 0 0 0 0 0 1 1 yes
1643 0 0 0 0 0 0 1 1 0 0 yes
1644 0 1 1 0 0 1 1 1 1 0 yes
1645 1 1 0 0 1 1 0 0 0 0 yes
1646 1 0 1 1 1 0 0 1 1 1 no
1647 1 1 0 1 0 0 1 1 1 0 yes
1648 1 1 1 0 1 1 1 0 1 1 no
1649 0 1 1 0 1 1 0 1 1 1 yes
1650 1 0 1 1 0 1 1 0 0 1 no
1651 1 0 1 1 0 1 0 1 1 0 no
1652 0 1 0 1 1 0 1 1 0 0 no
1653 0 0 0 0 0 0 0 0 1 1 no
1654 0 0 1 0 1 1 0 1 1 1 yes
1655 1 0 1 0 0 1 1 1 0 0 no
1656 0 1 0 1 0 1 0 0 1 0 no
1657 0 0 0 0 1 0 1 0 0 0 yes
1658 0 1 1 0 1 0 1 1 0 0 yes
1659 0 0 0 1 1 0 1 0 0 1 no
1660 1 1 1 1 1 1 0 0 1 0 yes
1661 0 0 0 1 1 0 0 0 0 1 no
1662 1 0 1 1 0 1 1 1 0 0 no
1663 1 0 0 1 0 0 1 0 0 1 yes
1664 1 1 0 1 0 1 0 0 0 1 yes
1665 1 0 0 1 0 0 1 0 1 1 no
1666 0 0 1 1 1 1 1 1 0 1 no
1667 1 0 1 1 0 0 0 1 1 1 no
1668 0 1 1 0 1 0 1 0 0 0 no
1669 0 1 0 0 1 0 1 1 0 1 no
1670 1 1 1 0 1 1 0 1 1 0 yes
1671 0 0 0 0 1 0 1 1 0 1 no
1672 1 1 0 0 1 1 1 0 0 1 yes
1673 1 1 1 1 0 1 1 1 1 1 yes
1674 0 1 0 0 1 1 1 1 0 1 yes
1675 0 1 1 1 0 0 0 1 0 1 no
1676 1 1 0 0 0 0 0 0 1 0 no
1677 0 1 1 1 0 0 1 0 0 1 no
1678 0 0 0 0 0 1 1 1 1 1 no
1679 1 1 1 1 1 1 1 1 1 1 yes
1680 0 0 0 1 1 0 0 1 1 1 no
1681 0 1 1 0 0 0 1 0 0 1 no
1682 0 1 0 1 0 1 0 0 0 0 yes
1683 0 0 1 0 0 1 1 1 1 0 no
1684 0 1 0 1 1 1 0 0 0 0 no
1685 1 1 0 1 1 1 1 0 1 1 no
1686 1 0 0 1 0 1 1 1 1 0 no
1687 1 1 0 1 0 0 0 1 1 0 no
1688 0 0 1 1 0 1 1 1 0 0 no
1689 1 1 0 1 1 1 0 0 0 0 no
1690 0 1 0 0 1 0 0 1 0 1 yes
1691 1 0 0 1 1 1 1 0 0 1 yes
1692 0 0 1 1 0 0 0 1 0 0 no
1693 0 0 1 0 1 1 0 0 0 1 no
1694 1 1 1 1 1 0 0 0 0 0 yes
1695 1 1 1 0 1 0 0 1 1 0 yes
1696 0 1 0 0 1 1 1 1 0 0 yes
1697 0 1 1 1 1 1 1 1 0 1 yes
1698 0 1 0 0 1 1 1 1 1 1 yes
1699 0 0 1 1 1 1 0 0 0 1 no
1700 1 0 0 0 1 1 1 1 0 1 yes
1701 1 1 1 1 1 0 1 0 1 1 yes
1702 1 1 1 0 1 1 1 0 0 1 no
1703 0 1 1 1 0 1 0 1 1 1 yes
1704 0 0 1 1 1 1 1 0 1 0 yes
1705 1 0 0 0 0 1 1 0 0 0 yes
1706 1 0 1 0 0 1 0 1 1 1 no
1707 1 0 0 0 1 1 0 1 1 1 yes
1708 0 0 1 1 0 1 0 0 1 0 yes
1709 1 1 1 1 0 1 0 1 1 1 yes
1710 1 0 1 0 1 0 1 0 1 1 yes
1711 0 1 0 0 0 0 1 1 1 0 yes
1712 1 0 0 0 0 0 0 0 0 1 yes
1713 1 0 0 0 0 1 0 1 0 1 no
1714 1 1 0 1 1 0 0 0 1 1 yes
1715 0 1 0 1 0 1 1 0 1 1 yes
1716 1 0 1 1 1 0 0 1 0 1 no
1717 1 0 0 1 0 0 0 0 1 1 no
1718 1 0 1 0 1 1 1 1 0 0 yes
1719 0 1 0 1 0 1 1 1 1 1 yes
1720 0 1 1 1 0 1 0 1 1 0 no
1721 0 1 0 0 0 0 1 0 0 0 no
1722 1 1 1 0 0 0 0 1 0 0 no
1723 0 0 1 0 0 0 1 1 0 1 yes
1724 1 1 0 1 1 0 0 0 1 1 no
1725 1 0 0 1 0 0 1 0 0 0 no
1726 1 0 1 1 1 0 0 1 1 0 no
1727 1 1 0 0 0 1 1 0 1 1 no
1728 0 1 1 1 0 1 0 1 0 0 yes
1729 0 0 0 0 0 0 1 1 0 0 yes
1730 1 0 1 1 0 0 0 1 0 1 no
1731 1 0 1 0 0 1 0 0 0 0 yes
1732 1 0 0 1 0 0 0 0 1 1 yes
1733 0 1 0 0 1 1 1 0 1 1 no
1734 1 0 0 0 0 0 0 0 1 1 no
1735 1 0 0 1 1 0 0 1 1 1 no
1736 0 0 0 0 1 1 0 0 1 1 yes
1737 0 0 1 0 0 1 0 0 0 1 no
1738 0 0 1 0 0 0 0 0 0 1 yes
1739 1 1 0 0 0 1 1 0 0 1 yes
1740 0 0 0 0 1 1 1 0 0 1 yes
1741 1 0 1 0 1 0 0 1 1 1 yes
1742 0 0 1 0 0 1 1 0 0 1 yes
1743 1 1 0 1 0 1 1 0 0 1 no
1744 1 1 1 0 0 1 1 1 0 1 no
1745 1 0 1 0 0 1 0 1 1 0 no
1746 0 0 0 1 1 1 0 0 0 0 yes
1747 1 1 0 0 1 1 0 0 1 1 yes
1748 0 0 0 1 0 1 1 0 1 0 yes
1749 0 0 0 1 0 0 1 1 1 0 yes
1750 1 1 1 1 0 0 1 1 0 0 no
1751 0 0 1 1 1 0 1 1 1 1 no
1752 1 1 1 1 1 1 1 1 1 1 no
1753 1 0 0 1 0 1 1 0 0 0 no
1754 1 0 0 0 1 0 0 0 1 0 no
1755 1 0 1 1 1 0 1 0 1 0 no
1756 1 0 0 1 1 0 0 1 0 1 no
1757 0 1 0 1 0 0 1 0 0 0 no
1758 0 1 0 1 0 0 1 0 1 0 no
1759 1 0 1 0 1 1 1 0 0 0 no
1760 0 1 1 1 1 0 1 0 1 0 no
1761 1 0 1 0 1 0 0 0 1 1 yes
1762 1 0 0 0 0 0 0 0 0 1 yes
1763 1 0 1 1 0 0 1 0 0 0 yes
1764 0 0 0 1 1 1 1 1 0 1 yes
1765 1 0 1 0 0 1 0 1 0 0 no
1766 1 0 1 1 0 0 1 0 0 0 no
1767 0 1 0 0 0 1 0 0 0 1 no
1768 0 0 1 1 0 1 0 1 1 1 yes
1769 1 1 0 1 0 0 1 1 1 1 no
1770 1 0 0 1 1 0 1 0 0 1 no
1771 0 0 0 1 1 0 1 1 1 1 no
1772 0 1 0 1 1 0 0 0 1 0 no
1773 0 1 1 0 0 1 1 0 0 0 yes
1774 0 0 1 0 0 1 0 0 0 1 yes
1775 0 1 1 0 0 1 0 1 0 0 yes
1776 0 0 1 1 0 1 1 0 0 1 no
1777 0 0 0 0 1 1 0 0 1 0 no
1778 1 1 1 1 0 0 1 1 1 1 no
1779 0 1 0 0 1 0 1 0 1 1 no
1780 0 0 1 0 1 0 0 1 1 1 yes
1781 0 0 1 0 0 1 1 0 1 1 no
1782 1 1 1 1 1 0 1 0 0 0 yes
1783 0 0 0 0 0 1 1 0 1 0 yes
1784 0 0 1 1 0 1 0 0 1 0 no
1785 0 1 1 1 0 1 0 0 1 1 no
1786 0 0 0 0 0 0 1 1 1 0 yes
1787 1 0 0 1 1 0 0 0 1 0 no
1788 0 0 0 0 1 1 0 0 0 0 no
1789 1 1 1 0 1 1 1 0 1 1 yes
1790 0 1 0 1 0 0 0 1 0 0 no
1791 1 0 0 0 0 1 0 1 0 1 yes
1792 1 1 1 0 1 1 0 0 0 1 no
1793 1 0 0 1 1 0 0 1 1 1 no
1794 1 0 0 1 1 1 0 1 0 0 yes
1795 0 0 1 1 0 1 1 0 1 1 yes
1796 1 0 0 1 0 1 0 1 0 1 yes
1797 0 1 0 1 1 0 0 1 1 1 yes
1798 1 1 0 0 1 0 1 0 0 1 yes
1799 1 0 0 1 0 0 0 1 1 1 no
1800 1 1 0 0 0 0 1 1 1 0 yes
1801 1 0 0 1 0 1 0 0 1 0 yes
1802 0 1 1 1 0 0 0 0 0 0 no
1803 1 1 0 0 1 1 1 1 0 0 no
1804 1 0 0 0 1 1 1 0 0 1 no
1805 0 1 1 1 1 1 0 0 1 1 yes
1806 1 1 0 1 0 0 1 1 1 1 yes
1807 0 1 1 0 0 0 1 1 0 1 yes
1808 1 0 1 1 0 1 0 0 0 1 yes
1809 1 1 1 1 0 1 1 1 0 0 yes
1810 1 1 0 1 0 1 1 0 1 0 no
1811 0 1 1 0 0 0 0 1 1 0 no
1812 0 1 1 1 1 1 1 1 1 1 no
1813 1 0 0 0 0 0 1 1 0 0 no
1814 1 0 0 1 0 1 0 1 0 0 yes
1815 1 1 0 1 1 0 1 0 1 0 no
1816 0 1 1 0 0 0 1 1 0 1 yes
1817 1 0 0 0 1 1 0 0 0 1 no
1818 0 0 1 0 0 1 0 1 1 0 no
1819 1 0 1 0 1 0 0 0 1 0 no
1820 1 1 0 1 0 0 1 1 0 0 no
1821 0 0 0 0 1 0 1 0 1 0 yes
1822 0 0 0 0 1 0 1 0 1 0 yes
1823 0 1 0 1 1 0 0 0 0 0 no
1824 0 1 0 0 0 0 1 0 0 1 yes
1825 1 0 0 0 1 1 0 0 1 0 no
1826 1 1 0 0 0 1 1 0 0 0 yes
1827 0 1 1 0 0 0 0 1 1 0 no
1828 0 1 1 0 0 1 1 0 0 0 no
1829 1 1 0 0 0 1 0 0 0 1 yes
1830 1 0 0 1 1 1 1 1 1 0 no
1831 1 1 0 0 1 1 0 1 1 0 no
1832 1 1 1 0 0 1 1 0 0 0 no
1833 0 0 0 1 0 1 0 0 1 1 yes
1834 0 1 1 0 0 1 1 1 0 0 no
1835 1 0 0 0 1 0 0 0 1 0 no
1836 1 1 0 0 0 1 0 0 0 0 yes
1837 0 1 1 1 0 1 0 1 0 1 yes
1838 0 1 0 0 1 0 1 1 0 0 no
1839 0 1 0 0 0 0 0 1 0 1 no
1840 0 1 0 1 1 1 0 1 1 1 yes
1841 1 0 1 1 0 0 1 0 1 1 no
1842 0 0 1 1 1 1 1 1 1 1 yes
1843 1 1 1 0 0 0 1 0 1 0 no
1844 1 0 0 0 1 1 0 0 1 0 no
1845 0 1 0 0 0 0 1 0 0 0 yes
1846 0 1 1 1 1 1 0 1 0 0 no
1847 1 1 1 0 1 1 1 0 0 0 yes
1848 0 0 1 0 0 0 1 0 1 0 yes
1849 1 0 1 1 0 0 0 0 1 1 yes
1850 0 0 1 0 1 0 0 0 1 0 yes
1851 1 0 0 1 1 1 1 0 0 1 no
1852 1 0 1 0 0 1 1 1 0 1 no
1853 0 0 0 1 0 1 0 0 0 1 yes
1854 1 0 1 1 1 1 1 1 1 1 yes
1855 1 1 1 1 0 0 0 1 1 0 yes
1856 1 1 0 0 1 0 0 1 0 1 yes
1857 0 0 0 1 1 0 0 0 0 1 no
1858 0 0 1 1 0 0 0 1 1 1 no
1859 0 1 1 1 0 0 0 1 1 1 yes
1860 0 0 0 0 1 1 0 0 1 1 yes
1861 0 1 0 1 1 0 1 0 1 1 yes
1862 1 1 1 0 0 0 0 0 0 0 no
1863 1 1 0 0 0 0 0 0 1 1 no
1864 1 0 0 0 1 1 1 0 0 0 no
1865 0 0 1 1 1 1 1 1 1 0 no
1866 1 0 0 1 1 0 0 0 1 1 yes
1867 1 0 0 1 1 1 0 0 0 1 no
1868 1 0 0 1 0 1 0 1 1 0 yes
1869 1 1 1 0 0 1 0 1 1 1 yes
1870 0 0 0 1 0 0 1 1 1 1 no
1871 0 0 1 0 0 1 1 0 1 0 no
1872 1 1 0 1 1 0 0 0 0 1 yes
1873 0 0 0 1 1 1 1 1 1 1 yes
1874 0 0 1 0 1 1 0 1 1 1 no
1875 1 1 0 0 1 0 1 0 0 0 no
1876 1 1 0 1 0 1 1 0 0 1 yes
1877 0 0 1 0 0 0 0 0 0 0 yes
1878 0 0 0 1 0 1 0 0 0 1 yes
1879 1 0 1 0 0 1 0 1 1 0 no
1880 1 0 1 1 0 1 0 1 1 1 yes
1881 0 1 0 0 0 1 1 0 0 0 no
1882 0 0 1 0 1 1 1 0 0 1 yes
1883 0 1 0 1 0 1 0 1 0 0 no
1884 1 0 1 1 1 0 1 0 0 1 no
1885 0 1 1 1 0 1 1 0 1 0 no
1886 1 0 0 1 0 1 1 0 0 0 yes
1887 1 0 1 0 1 1 1 0 0 1 no
1888 1 0 0 0 1 0 0 1 0 0 no
1889 0 1 1 1 1 0 1 1 1 1 no
1890 1 0 0 0 1 0 0 1 1 1 yes
1891 1 0 0 0 1 1 0 1 1 1 no
1892 1 1 0 1 0 0 1 0 0 0 yes
1893 1 1 1 0 0 1 1 1 1 1 no
1894 0 0 0 0 0 0 1 1 1 0 no
1895 1 1 0 0 0 0 1 1 1 0 yes
1896 1 1 1 1 0 0 1 0 0 1 no
1897 0 1 1 0 0 1 0 0 1 0 yes
1898 1 0 0 1 1 1 0 1 1 0 no
1899 1 1 0 0 0 0 1 1 1 0 yes
1900 1 0 0 1 1 1 1 0 1 0 no
1901 1 0 1 0 1 1 0 0 1 1 yes
1902 1 1 0 1 1 1 1 1 1 0 yes
1903 1 0 1 1 0 1 0 1 0 0 no
1904 0 1 0 1 1 1 0 1 0 1 no
1905 0 0 0 1 1 1 1 0 0 1 no
1906 1 1 0 1 1 0 1 1 1 0 yes
1907 1 1 0 1 1 0 0 1 1 0 no
1908 1 0 1 0 1 1 1 0 0 1 yes
1909 1 0 0 0 0 1 1 0 0 1 yes
1910 0 1 1 0 1 0 0 0 0 1 yes
1911 1 1 0 1 1 0 0 0 0 1 no
1912 0 0 1 0 0 1 0 0 1 1 no
1913 0 0 0 0 0 1 0 1 1 1 yes
1914 0 1 0 0 0 0 0 1 1 1 yes
1915 0 1 1 1 0 0 0 0 0 0 yes
1916 0 1 1 1 0 1 0 0 1 0 no
1917 0 0 0 1 1 0 0 0 0 1 no
1918 0 0 0 0 1 0 0 1 1 1 yes
1919 0 1 0 1 0 0 1 0 1 0 no
1920 0 1 0 0 0 0 1 0 1 0 yes
1921 1 1 1 1 0 0 0 0 1 1 yes
1922 0 1 1 0 0 1 0 1 0 1 yes
1923 0 0 1 0 0 1 1 1 0 0 yes
1924 0 1 0 0 1 1 1 0 0 0 yes
1925 1 0 1 1 0 0 1 1 0 0 yes
1926 0 1 0 0 1 0 0 1 1 1 yes
1927 1 1 0 0 0 1 0 1 0 0 yes
1928 1 1 0 0 0 0 0 0 0 1 yes
1929 0 1 0 1 0 0 0 1 1 1 yes
1930 0 0 0 0 0 0 0 1 0 1 yes
1931 1 0 1 1 1 1 1 1 1 0 yes
1932 1 1 0 1 0 1 1 1 0 1 no
1933 0 1 0 0 1 0 0 0 0 0 yes
1934 1 0 1 1 1 1 0 0 0 1 yes
1935 1 0 0 1 0 0 0 0 0 0 no
1936 0 0 0 1 1 0 0 0 0 1 no
1937 1 1 1 0 1 1 0 1 0 1 no
1938 1 0 0 1 1 1 0 1 1 0 yes
1939 0 1 1 0 0 1 0 1 1 0 no
1940 1 0 1 1 1 1 0 1 0 0 no
1941 1 0 1 0 1 0 0 0 0 0 no
1942 0 1 1 0 1 0 1 0 0 0 yes
1943 0 0 1 0 1 0 1 0 0 0 no
1944 1 0 1 1 1 1 0 1 1 1 no
1945 0 0 0 1 1 1 1 1 0 1 yes
1946 0 1 1 0 0 1 1 1 0 0 no
1947 0 0 1 0 1 0 0 0 1 1 yes
1948 0 0 1 0 1 0 0 0 1 0 no
1949 0 1 0 1 1 0 1 1 1 1 no
1950 0 1 1 0 0 1 1 0 0 0 no
1951 0 0 1 1 1 0 0 0 1 1 yes
1952 0 1 0 1 1 0 1 0 0 0 no
1953 0 1 0 1 0 0 1 0 1 0 no
1954 1 1 1 0 1 1 0 0 0 0 yes
1955 0 0 0 1 0 0 1 1 1 1 yes
1956 0 1 0 1 1 0 0 1 1 0 yes
1957 1 1 0 0 1 0 0 1 1 0 no
1958 0 1 0 0 0 1 0 1 0 1 yes
1959 0 0 1 1 0 1 0 1 1 1 no
1960 1 1 0 0 0 1 1 0 1 1 yes
1961 0 1 0 0 1 1 0 1 0 0 no
1962 0 0 0 1 0 0 0 0 0 0 yes
1963 1 0 0 1 0 0 1 1 1 1 no
1964 0 0 1 1 0 1 0 0 1 1 yes
1965 0 1 1 0 1 0 1 1 1 1 yes
1966 1 0 1 1 0 0 0 1 1 0 yes
1967 1 0 0 1 0 0 1 0 1 0 no
1968 1 1 0 0 1 0 0 0 1 0 no
1969 1 0 0 0 1 0 1 0 0 0 no
1970 0 0 0 0 1 1 1 0 1 1 no
1971 1 1 0 1 0 0 0 0 0 0 yes
1972 0 0 1 0 1 1 1 1 1 1 yes
1973 0 0 1 0 0 0 1 1 1 0 no
1974 1 1 0 1 0 1 0 1 0 0 no
1975 1 0 1 1 0 1 0 1 0 1 yes
1976 1 1 0 1 1 0 0 1 0 0 yes
1977 1 0 1 1 0 0 0 1 0 0 yes
1978 0 0 1 0 1 1 0 0 1 1 yes
1979 1 0 1 1 1 0 1 1 1 0 no
1980 0 1 0 0 1 1 1 0 1 1 yes
1981 1 1 1 0 1 1 1 1 1 0 yes
1982 1 1 0 1 0 0 1 0 1 1 no
1983 1 0 1 1 0 1 0 0 1 1 no
1984 0 0 0 0 0 1 0 0 0 0 no
1985 1 0 0 1 1 1 1 1 0 1 yes
1986 0 0 0 1 0 0 1 1 1 0 no
1987 1 0 1 0 0 1 0 1 0 0 no
1988 1 1 1 0 1 0 1 1 0 0 no
1989 0 1 1 1 1 0 0 1 0 0 yes
1990 1 1 1 1 1 0 1 1 1 0 yes
1991 1 0 0 1 0 0 1 1 0 1 yes
1992 0 1 1 0 1 1 0 1 0 0 no
1993 0 1 1 1 1 1 0 0 0 0 yes
1994 1 0 1 1 0 0 0 0 0 0 no
1995 1 1 1 0 0 1 1 0 0 0 yes
1996 1 0 0 1 1 1 0 1 0 1 no
1997 1 1 1 0 1 0 0 0 0 1 yes
1998 0 1 0 1 1 0 1 0 0 0 yes
1999 0 1 1 1 0 0 1 1 1 0 yes
end
